Fortran/gravity_magnetic/Console4/gravity.grd
DSAA
         201         201
    -1000.000000     1000.000000
    -1000.000000     1000.000000
    5.549671E-01       23.539846
[rows 135 to 161 of 201, columns 0 to 60 of 201]
1.304834 1.340171 1.376758 1.414623 1.453872 1.494492 1.536591 1.580248 1.625474 1.672391 1.721047 1.771542 1.823902 1.878289 1.934732 1.993366 2.054299 2.117630 2.183426 2.251883 2.323044 2.397109 2.474200 2.554435 2.637994 2.725057 2.815739 2.910281 3.008857 3.111706 3.218985 3.330945 3.447864 3.569967 3.697524 3.830819 3.970186 4.115933 4.268392 4.427942 4.594930 4.769777 4.952899 5.144690 5.345667 5.556225 5.776858 6.008018 6.250160 6.503668 6.768928 7.046193 7.335606 7.637134 7.950469 8.275054 8.609892 8.953604 9.304350 9.659824 10.017484
1.293491 1.328356 1.364425 1.401783 1.440419 1.480456 1.521961 1.564940 1.609474 1.655635 1.703523 1.753202 1.804737 1.858193 1.913711 1.971354 2.031224 2.093407 2.158041 2.225249 2.295092 2.367769 2.443363 2.522032 2.603935 2.689231 2.778079 2.870656 2.967140 3.067745 3.172669 3.282129 3.396357 3.515610 3.640158 3.770244 3.906203 4.048285 4.196851 4.352227 4.514768 4.684856 4.862893 5.049273 5.244412 5.448757 5.662729 5.886735 6.121228 6.366573 6.623088 6.891013 7.170493 7.461466 7.763643 8.076455 8.398955 8.729861 9.067393 9.409401 9.753437
1.282005 1.316360 1.351911 1.388704 1.426802 1.466217 1.507069 1.549387 1.593233 1.638654 1.685776 1.734620 1.785270 1.837832 1.892386 1.948998 2.007807 2.068879 2.132314 2.198233 2.266758 2.338008 2.412105 2.489207 2.569433 2.652965 2.739917 2.830489 2.924878 3.023221 3.125754 3.232682 3.344228 3.460610 3.582089 3.708930 3.841383 3.979759 4.124371 4.275517 4.433547 4.598810 4.771684 4.952543 5.141746 5.339729 5.546874 5.763619 5.990278 6.227235 6.474776 6.733108 7.002341 7.282388 7.572974 7.873553 8.183246 8.500789 8.824490 9.152423 9.482190
1.270321 1.304187 1.339218 1.375464 1.412967 1.451797 1.491999 1.533635 1.576773 1.621457 1.667770 1.715779 1.765564 1.817191 1.870782 1.926383 1.984092 2.044033 2.106249 2.170898 2.238085 2.307907 2.380486 2.456002 2.534533 2.616279 2.701336 2.789885 2.882121 2.978220 3.078331 3.182696 3.291513 3.404985 3.523384 3.646917 3.775873 3.910505 4.051115 4.197981 4.351452 4.511820 4.679443 4.854693 5.037882 5.229434 5.429656 5.638972 5.857667 6.086080 6.324444 6.572947 6.831669 7.100513 7.379196 7.667181 7.963634 8.267334 8.576794 8.890085 9.205065
1.258505 1.291878 1.326353 1.362051 1.398960 1.437168 1.476736 1.517692 1.560099 1.604026 1.649551 1.696744 1.745625 1.796338 1.848928 1.903495 1.960124 2.018893 2.079911 2.143270 2.209080 2.277494 2.348576 2.422466 2.499301 2.579222 2.662364 2.748890 2.838972 2.932757 3.030467 3.132251 3.238286 3.348859 3.464142 3.584357 3.709767 3.840634 3.977193 4.119768 4.268602 4.424056 4.586394 4.755960 4.933105 5.118120 5.311366 5.513147 5.723782 5.943510 6.172559 6.411096 6.659141 6.916578 7.183123 7.458248 7.741169 8.030744 8.325550 8.623837 8.923647
1.246523 1.279389 1.313323 1.348435 1.384770 1.422371 1.461268 1.501544 1.543222 1.586410 1.631129 1.677466 1.725462 1.775261 1.826868 1.880383 1.935911 1.993532 2.053308 2.115380 2.179831 2.246779 2.316344 2.388607 2.463726 2.541841 2.623069 2.707550 2.795460 2.886963 2.982220 3.081392 3.184697 3.292321 3.404455 3.521334 3.643199 3.770253 3.902778 4.041004 4.185214 4.335691 4.492721 4.656597 4.827610 5.006076 5.192282 5.386504 5.589012 5.799999 6.019694 6.248166 6.485426 6.731348 6.985627 7.247755 7.516989 7.792232 8.072219 8.355326 8.639780
1.234406 1.266739 1.300156 1.334721 1.370461 1.407421 1.445665 1.485240 1.526189 1.568599 1.612530 1.658012 1.705143 1.753969 1.804574 1.857077 1.911485 1.967934 2.026512 2.087274 2.150367 2.215847 2.283856 2.354513 2.427917 2.504188 2.583491 2.665928 2.751674 2.840854 2.933660 3.030222 3.130767 3.235441 3.344439 3.457970 3.576260 3.699510 3.827975 3.961861 4.101432 4.246947 4.398635 4.556816 4.721716 4.893625 5.072777 5.259396 5.453753 5.656027 5.866320 6.084728 6.311203 6.545600 6.787624 7.036737 7.292242 7.553191 7.818339 8.086257 8.355337
1.222178 1.254004 1.286862 1.320841 1.355985 1.392301 1.429894 1.468788 1.509028 1.550660 1.593765 1.638392 1.684638 1.732511 1.782131 1.833566 1.886891 1.942151 1.999489 2.058944 2.120659 2.184691 2.251163 2.320194 2.391863 2.466319 2.543678 2.624061 2.707644 2.794513 2.884876 2.978827 3.076604 3.178329 3.284177 3.394381 3.509107 3.628554 3.752927 3.882485 4.017428 4.157979 4.304368 4.456841 4.615648 4.781008 4.953129 5.132230 5.318487 5.512051 5.713030 5.921412 6.137191 6.360150 6.589987 6.826221 7.068165 7.314958 7.565434 7.818328 8.072209
1.209811 1.241105 1.273426 1.306859 1.341388 1.377081 1.414002 1.452177 1.491688 1.532561 1.574842 1.618651 1.663955 1.710914 1.759533 1.809895 1.862099 1.916230 1.972309 2.030476 2.090793 2.153379 2.218296 2.285700 2.355643 2.428284 2.503700 2.582059 2.663429 2.748007 2.835907 2.927279 3.022264 3.121032 3.223791 3.330641 3.441811 3.557455 3.677826 3.803053 3.933380 4.068987 4.210094 4.356919 4.509672 4.668525 4.833682 5.005315 5.183571 5.368540 5.560281 5.758805 5.964025 6.175755 6.393620 6.617219 6.845876 7.078788 7.314962 7.553195 7.792230
1.197348 1.228113 1.259915 1.292741 1.326658 1.361728 1.397997 1.435472 1.474233 1.514330 1.555804 1.598739 1.643178 1.689165 1.736783 1.786112 1.837196 1.890138 1.944998 2.001838 2.060777 2.121915 2.185296 2.251055 2.319284 2.390110 2.463593 2.539900 2.619117 2.701382 2.786841 2.875623 2.967859 3.063708 3.163339 3.266870 3.374506 3.486397 3.602736 3.723693 3.849424 3.980135 4.116040 4.257267 4.404017 4.556459 4.714751 4.879014 5.049385 5.225887 5.408608 5.597460 5.792356 5.993088 6.199344 6.410643 6.626394 6.845884 7.068188 7.292259 7.516977
1.184792 1.215049 1.246274 1.278515 1.311855 1.346282 1.381862 1.418655 1.456670 1.495989 1.536658 1.578738 1.622254 1.667307 1.713924 1.762202 1.812168 1.863939 1.917562 1.973094 2.030676 2.090348 2.152214 2.216338 2.282862 2.351864 2.423414 2.497677 2.574750 2.654743 2.737744 2.823953 2.913450 3.006399 3.102924 3.203179 3.307298 3.415476 3.527831 3.644540 3.765751 3.891657 4.022369 4.158097 4.298950 4.445080 4.596615 4.753675 4.916291 5.084560 5.258439 5.437882 5.622768 5.812837 6.007826 6.207293 6.410649 6.617205 6.826227 7.036733 7.247759
1.172127 1.201854 1.232560 1.264235 1.296944 1.330748 1.365657 1.401732 1.439020 1.477582 1.517425 1.558649 1.601262 1.645344 1.690979 1.738187 1.787073 1.837657 1.890040 1.944303 2.000509 2.058728 2.119065 2.181585 2.246375 2.313554 2.383230 2.455460 2.530364 2.608084 2.688703 2.772332 2.859129 2.949190 3.042647 3.139635 3.240309 3.344791 3.453224 3.565743 3.682505 3.803645 3.929293 4.059578 4.194654 4.334619 4.479565 4.629540 4.784635 4.944870 5.110208 5.280539 5.455726 5.635564 5.819737 6.007843 6.199339 6.393641 6.589977 6.787613 6.985623
1.159424 1.188602 1.218735 1.249845 1.281959 1.315122 1.349380 1.384736 1.421295 1.459081 1.498119 1.538470 1.580200 1.623350 1.667964 1.714144 1.761909 1.811344 1.862512 1.915448 1.970297 2.027060 2.085874 2.146790 2.209895 2.275271 2.343042 2.413270 2.486060 2.561501 2.639728 2.720848 2.804946 2.892147 2.982578 3.076369 3.173607 3.274474 3.379035 3.487441 3.599823 3.716294 3.836956 3.961970 4.091365 4.225294 4.363788 4.506952 4.654732 4.807179 4.964241 5.125782 5.291693 5.461720 5.635567 5.812841 5.993098 6.175749 6.360154 6.545605 6.731335
1.146641 1.175312 1.204867 1.235413 1.266913 1.299416 1.333023 1.367681 1.403514 1.440504 1.478756 1.518255 1.559082 1.601280 1.644895 1.690063 1.736712 1.784979 1.834908 1.886589 1.940053 1.995410 2.052719 2.112030 2.173451 2.237045 2.302923 2.371161 2.441840 2.515068 2.590935 2.669554 2.750984 2.835387 2.922837 3.013462 3.107353 3.204605 3.305373 3.409736 3.517828 3.629740 3.745546 3.865364 3.989258 4.117317 4.249572 4.386076 4.526818 4.671777 4.820878 4.974012 5.131021 5.291698 5.455739 5.622758 5.792362 5.964039 6.137189 6.311209 6.485430
1.133801 1.161926 1.190965 1.220906 1.251795 1.283697 1.316595 1.350594 1.385679 1.421896 1.459324 1.497989 1.537914 1.579184 1.621836 1.665917 1.711467 1.758589 1.807330 1.857726 1.909853 1.963785 2.019590 2.077319 2.137077 2.198907 2.262935 2.329198 2.397796 2.468816 2.542342 2.618481 2.697320 2.778953 2.863475 2.950963 3.041559 3.135315 3.232368 3.332797 3.436668 3.544109 3.655175 3.769969 3.888507 4.010884 4.137110 4.267198 4.401145 4.538884 4.680387 4.825468 4.974014 5.125792 5.280525 5.437869 5.597467 5.758809 5.921417 6.084733 6.248161
1.120891 1.148506 1.176991 1.206368 1.236647 1.267908 1.300157 1.333458 1.367798 1.403259 1.439885 1.477699 1.516743 1.557081 1.598754 1.641806 1.686298 1.732252 1.779789 1.828898 1.879723 1.932230 1.986551 2.042716 2.100823 2.160918 2.223085 2.287400 2.353945 2.422793 2.494040 2.567759 2.644008 2.722904 2.804549 2.888999 2.976347 3.066688 3.160074 3.256639 3.356437 3.459517 3.566003 3.675886 3.789248 3.906129 4.026524 4.150439 4.277868 4.408711 4.542931 4.680378 4.820876 4.964226 5.110202 5.258429 5.408589 5.560289 5.713034 5.866321 6.019693
1.107941 1.135051 1.162980 1.191794 1.221481 1.252121 1.283705 1.316290 1.349923 1.384631 1.420452 1.457415 1.495560 1.534968 1.575663 1.617707 1.661104 1.705961 1.752283 1.800166 1.849617 1.900770 1.953609 2.008241 2.064706 2.123071 2.183436 2.245838 2.310364 2.377071 2.446057 2.517376 2.591118 2.667354 2.746170 2.827604 2.911812 2.998787 3.088638 3.181430 3.277241 3.376128 3.478122 3.583284 3.691629 3.803221 3.918018 4.036029 4.157184 4.281436 4.408736 4.538894 4.671785 4.807178 4.944868 5.084566 5.225896 5.368525 5.512053 5.656026 5.799988
1.094985 1.121569 1.148965 1.177177 1.206292 1.236293 1.267208 1.299119 1.332027 1.365962 1.401002 1.437132 1.474416 1.512896 1.552633 1.593651 1.635999 1.679712 1.724868 1.771499 1.819666 1.869416 1.920802 1.973914 2.028765 2.085460 2.144034 2.204544 2.267072 2.331689 2.398455 2.467427 2.538678 2.612306 2.688343 2.766867 2.847972 2.931697 3.018092 3.107237 3.199183 3.293965 3.391657 3.492226 3.595767 3.702250 3.811656 3.923998 4.039176 4.157170 4.277864 4.401139 4.526823 4.654741 4.784645 4.916286 5.049386 5.183569 5.318499 5.453757 5.588997
1.082002 1.108080 1.134903 1.162574 1.191080 1.220444 1.250732 1.281947 1.314151 1.347333 1.381571 1.416872 1.453297 1.490868 1.529658 1.569651 1.610954 1.653552 1.697544 1.742952 1.789824 1.838213 1.888178 1.939786 1.993058 2.048072 2.104866 2.163548 2.224104 2.286662 2.351250 2.417942 2.486793 2.557842 2.631193 2.706878 2.784954 2.865493 2.948550 3.034137 3.122338 3.213155 3.306670 3.402854 3.501730 3.603320 3.707583 3.814483 3.923987 4.035992 4.150454 4.267195 4.386087 4.506933 4.629551 4.753656 4.879016 5.005306 5.132215 5.259408 5.386492
1.068990 1.094545 1.120873 1.147945 1.175881 1.204628 1.234270 1.264808 1.296272 1.328740 1.362178 1.396689 1.432237 1.468911 1.506735 1.545741 1.585980 1.627503 1.670324 1.714538 1.760140 1.807207 1.855741 1.905859 1.957581 2.010974 2.066038 2.122880 2.181538 2.242076 2.304535 2.368969 2.435442 2.504003 2.574713 2.647641 2.722789 2.800239 2.880018 2.962179 3.046762 3.133772 3.223238 3.315186 3.409616 3.506500 3.605838 3.707569 3.811659 3.918026 4.026533 4.137115 4.249589 4.363794 4.479541 4.596619 4.714732 4.833677 4.953128 5.072763 5.192285
1.056016 1.081046 1.106805 1.133335 1.160684 1.188813 1.217810 1.247694 1.278457 1.310175 1.342833 1.376515 1.411245 1.447013 1.483920 1.521933 1.561149 1.601589 1.643286 1.686300 1.730639 1.776376 1.823549 1.872197 1.922398 1.974154 2.027539 2.082601 2.139371 2.197923 2.258292 2.320566 2.384712 2.450863 2.518998 2.589218 2.661505 2.735980 2.812590 2.891452 2.972517 3.055847 3.141456 3.229327 3.319497 3.411901 3.506518 3.603331 3.702253 3.803209 3.906132 4.010873 4.117312 4.225301 4.334608 4.445093 4.556458 4.668532 4.780994 4.893626 5.006083
1.043022 1.067548 1.092776 1.118749 1.145489 1.173043 1.201414 1.230588 1.260687 1.291655 1.323575 1.356450 1.390322 1.425224 1.461179 1.498255 1.536449 1.575807 1.616403 1.658215 1.701335 1.745783 1.791587 1.838825 1.887499 1.937666 1.989403 2.042708 2.097659 2.154280 2.212613 2.272720 2.334659 2.398413 2.464068 2.531668 2.601209 2.672754 2.746327 2.821978 2.899654 2.979476 3.061355 3.145325 3.231375 3.319478 3.409615 3.501736 3.595772 3.691633 3.789262 3.888505 3.989254 4.091370 4.194650 4.298946 4.404037 4.509672 4.615649 4.721717 4.827625
1.030057 1.054064 1.078781 1.104194 1.130368 1.157308 1.185035 1.213577 1.242936 1.273215 1.304368 1.336445 1.369493 1.403520 1.438591 1.474696 1.511896 1.550205 1.589690 1.630352 1.672244 1.715422 1.759906 1.805737 1.852944 1.901562 1.951653 2.003269 2.056414 2.111149 2.167503 2.225524 2.285264 2.346730 2.409967 2.474992 2.541893 2.610620 2.681262 2.753796 2.828252 2.904644 2.982961 3.063170 3.145327 3.229348 3.315209 3.402847 3.492245 3.583280 3.675888 3.769948 3.865353 3.961951 4.059591 4.158091 4.257271 4.356920 4.456845 4.556814 4.656604
1.017092 1.040596 1.064784 1.089661 1.115270 1.141614 1.168701 1.196593 1.225310 1.254843 1.285257 1.316569 1.348792 1.381947 1.416114 1.451288 1.487489 1.524776 1.563171 1.602686 1.643419 1.685338 1.728507 1.772941 1.818710 1.865852 1.914355 1.964276 2.015683 2.068582 2.122992 2.179004 2.236597 2.295836 2.356708 2.419282 2.483598 2.549634 2.617409 2.686971 2.758297 2.831409 2.906294 2.982949 3.061335 3.141459 3.223245 3.306675 3.391645 3.478118 3.566001 3.655177 3.745542 3.836958 3.929281 4.022371 4.116037 4.210114 4.304361 4.398645 4.492732
1.004140 1.027184 1.050845 1.075185 1.100210 1.125982 1.152466 1.179689 1.207740 1.236582 1.266232 1.296781 1.328189 1.360512 1.393778 1.428031 1.463253 1.499540 1.536867 1.575293 1.614829 1.655534 1.697415 1.740513 1.784885 1.830523 1.877459 1.925766 1.975477 2.026581 2.079115 2.133132 2.188679 2.245741 2.304355 2.364563 2.426349 2.489778 2.554814 2.621496 2.689822 2.759801 2.831415 2.904637 2.979455 3.055835 3.133783 3.213163 3.293972 3.376110 3.459537 3.544104 3.629738 3.716287 3.803650 3.891646 3.980150 4.068981 4.157986 4.246941 4.335681
9.912537E-01 1.013780 1.036954 1.060777 1.085238 1.110399 1.136265 1.162888 1.190251 1.218398 1.247343 1.277119 1.307725 1.339226 1.371622 1.404966 1.439239 1.474530 1.510809 1.548138 1.586538 1.626046 1.666653 1.708456 1.751415 1.795606 1.841048 1.887770 1.935798 1.985168 2.035875 2.087997 2.141530 2.196485 2.252923 2.310804 2.370192 2.431094 2.493490 2.557425 2.622869 2.689834 2.758286 2.828263 2.899657 2.972519 3.046758 3.122317 3.199192 3.277245 3.356435 3.436678 3.517837 3.599817 3.682506 3.765754 3.849424 3.933376 4.017423 4.101434 4.185203
9.784141E-01 1.000464 1.023091 1.046401 1.070321 1.094890 1.120177 1.146172 1.172869 1.200324 1.228555 1.257576 1.287413 1.318105 1.349641 1.382078 1.415442 1.449727 1.484980 1.521245 1.558519 1.596854 1.636244 1.676734 1.718370 1.761149 1.805117 1.850286 1.896708 1.944366 1.993318 2.043576 2.095165 2.148077 2.202377 2.258053 2.315125 2.373598 2.433466 2.494730 2.557422 2.621498 2.686956 2.753808 2.821975 2.891460 2.962178 3.034144 3.107236 3.181439 3.256639 3.332788 3.409750 3.487439 3.565751 3.644527 3.723670 3.803048 3.882487 3.961850 4.040994
