Fortran/gravity_magnetic/Console4/gravity.grd
DSAA
         201         201
    -1000.000000     1000.000000
    -1000.000000     1000.000000
    5.549671E-01       23.539846
[rows 108 to 134 of 201, columns 122 to 182 of 201]
20.869526 20.623037 20.360914 20.082600 19.787489 19.475018 19.144680 18.796017 18.428629 18.042299 17.636963 17.212885 16.770569 16.311047 15.835739 15.346717 14.846533 14.338319 13.825560 13.312060 12.801505 12.297442 11.802961 11.320642 10.852509 10.400007 9.964111 9.545339 9.143882 8.759707 8.392519 8.041914 7.707436 7.388455 7.084416 6.794655 6.518589 6.255518 6.004880 5.766069 5.538467 5.321559 5.114774 4.917638 4.729639 4.550291 4.379169 4.215875 4.060000 3.911174 3.769007 3.633161 3.503355 3.379266 3.260627 3.147130 3.038504 2.934574 2.835063 2.739763 2.648461
20.800676 20.555124 20.293989 20.016699 19.722656 19.411316 19.082130 18.734653 18.368492 17.983404 17.579388 17.156603 16.715679 16.257515 15.783614 15.295996 14.797226 14.290440 13.779124 13.267057 12.757959 12.255320 11.762277 11.281375 10.814657 10.363545 9.928982 9.511552 9.111424 8.728513 8.362613 8.013225 7.679920 7.362126 7.059204 6.770548 6.495500 6.233463 5.983819 5.745920 5.519254 5.303176 5.097250 4.900922 4.713699 4.535079 4.364672 4.202056 4.046823 3.898585 3.757009 3.621729 3.492463 3.368899 3.250709 3.137697 3.029510 2.925985 2.826873 2.731939 2.641008
20.723051 20.478559 20.218542 19.942427 19.649620 19.339523 19.011648 18.665508 18.300756 17.917105 17.514528 17.093267 16.653862 16.197245 15.724936 15.238887 14.741759 14.236600 13.726935 13.216490 12.708993 12.208003 11.716561 11.237294 10.772139 10.322603 9.889581 9.473692 9.075006 8.693577 8.329059 7.981087 7.649135 7.332626 7.030972 6.743527 6.469690 6.208792 5.960219 5.723414 5.497731 5.282700 5.077690 4.882235 4.695851 4.518074 4.348464 4.186618 4.032075 3.884527 3.743623 3.609003 3.480302 3.357293 3.239665 3.127134 3.019471 2.916392 2.817737 2.723225 2.632695
20.636473 20.393181 20.134428 19.859600 19.568134 19.259462 18.933064 18.588440 18.225220 17.843170 17.442259 17.022655 16.584946 16.130100 15.659549 15.175323 14.679958 14.176644 13.668780 13.160189 12.654528 12.155366 11.665751 11.188266 10.724906 10.277120 9.845840 9.431619 9.034619 8.654819 8.291903 7.945461 7.615008 7.299948 6.999709 6.713646 6.441117 6.181507 5.934161 5.698508 5.473970 5.260015 5.056064 4.861629 4.676194 4.499336 4.330584 4.169565 4.015831 3.869054 3.728870 3.594904 3.466880 3.344510 3.227479 3.115506 3.008390 2.905871 2.807679 2.713635 2.623542
20.540710 20.298742 20.041346 19.767971 19.478025 19.170900 18.846117 18.503183 18.141685 17.761412 17.362320 16.944607 16.508806 16.055889 15.587311 15.105083 14.611740 14.110422 13.604628 13.098080 12.594481 12.097335 11.609746 11.134249 10.672875 10.227043 9.797694 9.385358 8.990228 8.612194 8.251064 7.906327 7.577523 7.264111 6.965411 6.680859 6.409799 6.151565 5.905596 5.671238 5.447975 5.235219 5.032379 4.839039 4.654683 4.478809 4.311053 4.150913 3.998087 3.852120 3.712729 3.579539 3.452241 3.330531 3.214166 3.102845 2.996310 2.894342 2.796690 2.703147 2.613549
20.435480 20.194948 19.939089 19.667288 19.379002 19.073612 18.750595 18.409504 18.049931 17.671608 17.274548 16.858900 16.425196 15.974441 15.508038 15.028021 14.536930 14.037848 13.534307 13.030024 12.528678 12.033782 11.548441 11.075168 10.615983 10.172297 9.745102 9.334814 8.941729 8.565711 8.206477 7.863645 7.536695 7.225048 6.928069 6.645173 6.375680 6.119034 5.874522 5.641616 5.419700 5.208242 5.006677 4.814520 4.631309 4.456529 4.289819 4.130686 3.978808 3.833780 3.695252 3.562887 3.436360 3.315411 3.199741 3.089091 2.983188 2.881833 2.784780 2.691775 2.602717
20.320490 20.081539 19.827332 19.557291 19.270786 18.967283 18.646250 18.307171 17.949686 17.573549 17.178673 16.765297 16.333921 15.885526 15.421518 14.943934 14.455306 13.958728 13.457689 12.955870 12.457044 11.964611 11.481723 11.010887 10.554112 10.112808 9.687937 9.279954 8.889083 8.515266 8.158168 7.817392 7.492441 7.182724 6.887633 6.606584 6.338826 6.083837 5.840944 5.609576 5.389134 5.179118 4.978934 4.788072 4.606112 4.432526 4.266942 4.108893 3.958054 3.813990 3.676384 3.544915 3.419258 3.299118 3.184214 3.074288 2.969092 2.868358 2.771963 2.679569 2.591058
20.195398 19.958174 19.705790 19.437611 19.153103 18.851660 18.532736 18.195887 17.840712 17.466921 17.074472 16.663582 16.234739 15.788926 15.327580 14.852662 14.366736 13.872868 13.374573 12.875491 12.379380 11.889684 11.409493 10.941339 10.487233 10.048512 9.626182 9.220700 8.832300 8.460847 8.106050 7.767543 7.444791 7.137183 6.844146 6.565016 6.299175 6.046001 5.804874 5.575188 5.356350 5.147854 4.949149 4.759706 4.579096 4.406794 4.242422 4.085578 3.935798 3.792795 3.656198 3.525698 3.400955 3.281657 3.167589 3.058457 2.954003 2.854035 2.758223 2.666505 2.578579
20.059868 19.824526 19.574089 19.307964 19.025589 18.726398 18.409796 18.075338 17.722643 17.351433 16.961645 16.553455 16.127430 15.684442 15.225968 14.753973 14.270994 13.780104 13.284772 12.788712 12.295593 11.808900 11.331642 10.866435 10.415161 9.979291 9.559749 9.157032 8.771251 8.402397 8.050163 7.714100 7.393690 7.088385 6.797548 6.520541 6.256755 6.005546 5.766302 5.538425 5.321352 5.114484 4.917337 4.729442 4.550252 4.379338 4.216309 4.060684 3.912103 3.770262 3.634721 3.505225 3.381436 3.263089 3.149888 3.041585 2.937938 2.838681 2.743657 2.652572 2.565293
19.913525 19.680178 19.431856 19.167961 18.887890 18.591108 18.277046 17.945225 17.595238 17.226801 16.839890 16.434668 16.011644 15.571755 15.116411 14.647625 14.167868 13.680214 13.188164 12.695359 12.205487 11.722030 11.248013 10.785986 10.337873 9.905094 9.488579 9.088804 8.705930 8.339890 7.990378 7.656947 7.339103 7.036288 6.747833 6.473152 6.211549 5.962460 5.725230 5.499310 5.284081 5.079008 4.883577 4.697278 4.519614 4.350183 4.188518 4.034228 3.886929 3.746283 3.611910 3.483507 3.360777 3.243404 3.131139 3.023715 2.920908 2.822458 2.728154 2.637827 2.551243
19.755964 19.524775 19.278723 19.017199 18.739658 18.445484 18.134123 17.805115 17.458048 17.092669 16.708870 16.306860 15.887118 15.450590 14.998669 14.533331 14.057086 13.572994 13.084489 12.595251 12.108938 11.629012 11.158500 10.699911 10.255219 9.825812 9.412562 9.016001 8.636285 8.273261 7.926705 7.596131 7.281077 6.980923 6.695015 6.422783 6.163558 5.916764 5.681708 5.457849 5.244604 5.041442 4.847794 4.663220 4.487216 4.319315 4.159182 4.006311 3.860343 3.720994 3.587794 3.460573 3.338926 3.222594 3.111322 3.004866 2.902946 2.805337 2.711832 2.622290 2.536416
19.586702 19.357828 19.114208 18.855280 18.580397 18.289036 17.980625 17.654675 17.310759 16.948677 16.568251 16.169704 15.753529 15.320633 14.872450 14.410869 13.938437 13.458161 12.973549 12.488169 12.005744 11.529622 11.062930 10.608105 10.167113 9.741330 9.331656 8.938558 8.562229 8.202518 7.859100 7.531624 7.219512 6.922214 6.639085 6.369491 6.112799 5.868416 5.635681 5.414049 5.202904 5.001753 4.810027 4.627308 4.453032 4.286839 4.128233 3.976862 3.832337 3.694314 3.562449 3.436429 3.315948 3.200735 3.090492 2.985023 2.884032 2.787309 2.694690 2.605929 2.520827
19.405296 19.178904 18.937893 18.681696 18.409719 18.121391 17.816130 17.493456 17.152956 16.794395 16.417606 16.022844 15.610517 15.181582 14.737399 14.279908 13.811620 13.335523 12.855085 12.373928 11.895684 11.423745 10.961175 10.510410 10.073429 9.651583 9.245747 8.856404 8.483717 8.127534 7.787548 7.463396 7.154450 6.860250 6.580018 6.313246 6.059293 5.817468 5.587197 5.367933 5.159027 4.960034 4.770360 4.589565 4.417145 4.252677 4.095764 3.945954 3.802954 3.666345 3.535846 3.411101 3.291859 3.177793 3.068661 2.964200 2.864218 2.768432 2.676705 2.588801 2.504522
19.211245 18.987501 18.749269 18.496037 18.227140 17.942017 17.640144 17.320990 16.984182 16.629402 16.256582 15.865868 15.457729 15.033036 14.593209 14.140162 13.676355 13.204807 12.728910 12.252290 11.778557 11.311171 10.853083 10.406716 9.974081 9.556497 9.154791 8.769484 8.400702 8.048343 7.712031 7.391405 7.085917 6.794905 6.517842 6.254097 6.003019 5.763909 5.536304 5.319516 5.113013 4.916278 4.728746 4.549995 4.379524 4.216918 4.061734 3.913626 3.772205 3.637102 3.508013 3.384645 3.266648 3.153792 3.045812 2.942475 2.843497 2.748731 2.657922 2.570885 2.487430
19.004028 18.783083 18.547836 18.297709 18.032118 17.750469 17.452215 17.136845 16.803999 16.453306 16.084721 15.698365 15.294720 14.874659 14.439544 13.991287 13.532339 13.065694 12.594742 12.123055 11.654251 11.191732 10.738474 10.296892 9.868927 9.455899 9.058659 8.677747 8.313161 7.964868 7.632514 7.315658 7.013786 6.726303 6.452596 6.192036 5.943981 5.707821 5.482968 5.268833 5.064846 4.870491 4.685248 4.508664 4.340222 4.179561 4.026238 3.879864 3.740106 3.606571 3.479007 3.356992 3.240372 3.128805 3.022037 2.919824 2.821946 2.728200 2.638335 2.552212 2.469638
18.783087 18.565109 18.333023 18.086250 17.824158 17.546198 17.251820 16.940523 16.611874 16.265593 15.901549 15.519925 15.121121 14.706038 14.276022 13.832941 13.379251 12.917921 12.452284 11.985953 11.522505 11.065263 10.617235 10.180788 9.757866 9.349775 8.957385 8.581106 8.221059 7.877114 7.549003 7.236172 6.938180 6.654441 6.384258 6.127077 5.882253 5.649202 5.427271 5.215909 5.014587 4.822740 4.639891 4.465552 4.299282 4.140667 3.989287 3.844733 3.706691 3.574826 3.448793 3.328315 3.213072 3.102808 2.997282 2.896277 2.799537 2.706844 2.618023 2.532865 2.451182
18.547832 18.333029 18.104296 17.861040 17.602699 17.328674 17.038408 16.731436 16.407320 16.065748 15.706615 15.330036 14.936484 14.526763 14.102249 13.664782 13.216789 12.761176 12.301323 11.840789 11.383060 10.931552 10.489178 10.058291 9.640825 9.238064 8.850828 8.479551 8.124357 7.785087 7.461441 7.152930 6.859063 6.579246 6.312851 6.059260 5.817882 5.588042 5.369230 5.160800 4.962274 4.773085 4.592749 4.420760 4.256743 4.100239 3.950884 3.808264 3.672014 3.541867 3.417468 3.298502 3.184732 3.075838 2.971639 2.871832 2.776296 2.684698 2.596921 2.512761 2.432068
18.297728 18.086246 17.861040 17.621555 17.367144 17.097334 16.811474 16.509119 16.189831 15.853297 15.499431 15.128293 14.740362 14.336440 13.917821 13.486428 13.044557 12.595179 12.141579 11.687270 11.235804 10.790460 10.354191 9.929307 9.517706 9.120635 8.738967 8.373056 8.023037 7.688745 7.369888 7.065964 6.776487 6.500849 6.238431 5.988636 5.750856 5.524463 5.308871 5.103524 4.907925 4.721487 4.543777 4.374299 4.212630 4.058378 3.911096 3.770473 3.636127 3.507763 3.385018 3.267652 3.155419 3.047962 2.945109 2.846596 2.752214 2.661798 2.575123 2.491965 2.412229
18.032133 17.824142 17.602699 17.367153 17.116974 16.851559 16.570419 16.272976 15.958841 15.627699 15.279449 14.914161 14.532274 14.134579 13.722374 13.297479 12.862268 12.419576 11.972773 11.525208 11.080471 10.641830 10.212106 9.793705 9.388405 8.997497 8.621748 8.261604 7.917097 7.588146 7.274337 6.975304 6.690475 6.419263 6.161061 5.915260 5.681276 5.458462 5.246281 5.044178 4.851598 4.668093 4.493072 4.326218 4.166991 4.015028 3.869969 3.731390 3.599035 3.472501 3.351512 3.235815 3.125098 3.019155 2.917694 2.820517 2.727406 2.638172 2.552588 2.470568 2.391806
17.750475 17.546202 17.328671 17.097324 16.851559 16.590853 16.314676 16.022453 15.713822 15.388466 15.046196 14.687188 14.311765 13.920768 13.515471 13.097626 12.669575 12.234160 11.794612 11.354395 10.916954 10.485482 10.062871 9.651407 9.252894 8.868542 8.499186 8.145158 7.806612 7.483260 7.174873 6.880998 6.601085 6.334518 6.080749 5.839144 5.609146 5.390130 5.181502 4.982766 4.793396 4.612879 4.440730 4.276556 4.119874 3.970333 3.827527 3.691108 3.560769 3.436143 3.316979 3.202986 3.093910 2.989501 2.889455 2.793658 2.701840 2.613848 2.529406 2.448489 2.370767
17.452215 17.251814 17.038412 16.811478 16.570415 16.314667 16.043713 15.757027 15.454260 15.135014 14.799213 14.446881 14.078417 13.694622 13.296715 12.886489 12.466142 12.038574 11.606929 11.174600 10.744999 10.321283 9.906348 9.502341 9.111129 8.733826 8.371296 8.023825 7.691529 7.374211 7.071562 6.783104 6.508365 6.246722 5.997607 5.760408 5.534577 5.319512 5.114599 4.919392 4.733337 4.555950 4.386769 4.225398 4.071338 3.924297 3.783829 3.649635 3.521392 3.398749 3.281449 3.169228 3.061818 2.958979 2.860436 2.766042 2.675567 2.588795 2.505632 2.425779 2.349159
17.136850 16.940523 16.731441 16.509100 16.272985 16.022453 15.757051 15.476266 15.179643 14.866959 14.537970 14.192792 13.831807 13.455718 13.065794 12.663728 12.251715 11.832596 11.409467 10.985644 10.564543 10.149222 9.742484 9.346538 8.963099 8.593376 8.238079 7.897599 7.571980 7.261012 6.964429 6.681746 6.412431 6.155951 5.911732 5.679159 5.457649 5.246677 5.045672 4.854100 4.671523 4.497402 4.331264 4.172763 4.021461 3.876976 3.738943 3.607051 3.480933 3.360344 3.244966 3.134546 3.028868 2.927642 2.830631 2.737698 2.648586 2.563139 2.481170 2.402481 2.326952
16.804005 16.611862 16.407320 16.189837 15.958826 15.713827 15.454250 15.179672 14.889633 14.583810 14.262131 13.924585 13.571528 13.203752 12.822343 12.429061 12.026059 11.616028 11.202068 10.787450 10.375451 9.969179 9.571259 9.183943 8.808862 8.447205 8.099663 7.766601 7.448024 7.143823 6.853608 6.576958 6.313387 6.062312 5.823170 5.595417 5.378469 5.171757 4.974793 4.787018 4.608007 4.437218 4.274289 4.118785 3.970268 3.828458 3.692917 3.563369 3.439483 3.321003 3.207599 3.099051 2.995125 2.895551 2.800154 2.708685 2.620986 2.536835 2.456114 2.378618 2.304236
16.453306 16.265583 16.065748 15.853297 15.627704 15.388466 15.135018 14.866959 14.583819 14.285355 13.971358 13.641936 13.297384 12.938432 12.566221 12.182325 11.788981 11.388751 10.984685 10.579966 10.177807 9.781183 9.392774 9.014682 8.648531 8.295474 7.956183 7.630947 7.319850 7.022727 6.739237 6.468932 6.211347 5.965939 5.732097 5.509376 5.297117 5.094865 4.902051 4.718211 4.542872 4.375581 4.215927 4.063469 3.917876 3.778750 3.645790 3.518684 3.397069 3.280742 3.169369 3.062726 2.960612 2.862723 2.768940 2.678978 2.592695 2.509940 2.430527 2.354220 2.281008
16.084721 15.901544 15.706615 15.499411 15.279444 15.046196 14.799212 14.537970 14.262126 13.971363 13.665543 13.344702 13.009208 12.659655 12.297206 11.923450 11.540451 11.150764 10.757285 10.363185 9.971580 9.585378 9.207120 8.838875 8.482240 8.138317 7.807735 7.490811 7.187613 6.897958 6.621495 6.357846 6.106480 5.866953 5.638645 5.421103 5.213747 5.016075 4.827575 4.647786 4.476246 4.312512 4.156214 4.006950 3.864299 3.727975 3.597688 3.473005 3.353740 3.239627 3.130338 3.025637 2.925349 2.829208 2.737072 2.648689 2.563875 2.482501 2.404387 2.329333 2.257264
15.698370 15.519925 15.330055 15.128288 14.914170 14.687181 14.446877 14.192797 13.924582 13.641941 13.344697 13.032974 12.707018 12.367517 12.015498 11.652522 11.280579 10.902143 10.520066 10.137354 9.757033 9.381926 9.014503 8.656761 8.310266 7.975976 7.654610 7.346458 7.051520 6.769654 6.500568 6.243830 5.999007 5.765554 5.542986 5.330801 5.128493 4.935537 4.751481 4.575853 4.408220 4.248172 4.095319 3.949259 3.809682 3.676249 3.548596 3.426477 3.309598 3.197690 3.090514 2.987823 2.889404 2.795091 2.704606 2.617792 2.534492 2.454532 2.377706 2.303956 2.233078
15.294715 15.121117 14.936480 14.740367 14.532272 14.311768 14.078409 13.831802 13.571536 13.297387 13.009208 12.707018 12.391153 12.062228 11.721304 11.369756 11.009637 10.643215 10.273301 9.902722 9.534442 9.171169 8.815259 8.468682 8.132846 7.808787 7.497107 7.198137 6.911862 6.638145 6.376694 6.127131 5.889035 5.661896 5.445255 5.238600 5.041472 4.853372 4.673877 4.502518 4.338884 4.182613 4.033255 3.890511 3.754067 3.623502 3.498623 3.379089 3.264647 3.155046 3.050040 2.949396 2.852888 2.760329 2.671568 2.586352 2.504609 2.426037 2.350621 2.278125 2.208457
