Fortran/gravity_magnetic/Console4/gravity.grd
DSAA
         201         201
    -1000.000000     1000.000000
    -1000.000000     1000.000000
    5.549671E-01       23.539846
[rows 81 to 107 of 201, columns 0 to 60 of 201]
1.453843 1.495742 1.539207 1.584306 1.631130 1.679750 1.730277 1.782760 1.837309 1.894013 1.952983 2.014329 2.078174 2.144635 2.213833 2.285917 2.360978 2.439259 2.520832 2.605917 2.694686 2.787321 2.884026 2.985029 3.090495 3.200722 3.315960 3.436427 3.562466 3.694321 3.832350 3.976875 4.128232 4.286804 4.453048 4.627299 4.810056 5.001752 5.202903 5.414042 5.635686 5.868423 6.112785 6.369483 6.639085 6.922204 7.219524 7.531638 7.859096 8.202504 8.562219 8.938575 9.331647 9.741324 10.167116 10.608106 11.062920 11.529631 12.005730 12.488163 12.973556
1.460687 1.502914 1.546679 1.592149 1.639318 1.688316 1.739212 1.792117 1.847098 1.904269 1.963717 2.025589 2.089938 2.156967 2.226727 2.299427 2.375175 2.454113 2.536431 2.622277 2.711854 2.805327 2.902944 3.004866 3.111322 3.222590 3.338938 3.460565 3.587813 3.720966 3.860343 4.006283 4.159166 4.319335 4.487200 4.663221 4.847797 5.041423 5.244589 5.457833 5.681706 5.916740 6.163568 6.422796 6.695020 6.980903 7.281078 7.596153 7.926716 8.273279 8.636273 9.015996 9.412562 9.825799 10.255218 10.699920 11.158497 11.628993 12.108948 12.595248 13.084491
1.467223 1.509716 1.553815 1.599557 1.647089 1.696459 1.747722 1.801006 1.856398 1.913991 1.973912 2.036251 2.101115 2.168676 2.239018 2.312288 2.388656 2.468250 2.551271 2.637833 2.728176 2.822466 2.920908 3.023709 3.131150 3.243397 3.360751 3.483513 3.611910 3.746278 3.886938 4.034231 4.188519 4.350175 4.519621 4.697252 4.883564 5.078992 5.284072 5.499316 5.725238 5.962469 6.211537 6.473136 6.747837 7.036286 7.339131 7.656965 7.990373 8.339887 8.705940 9.088786 9.488564 9.905081 10.337845 10.785980 11.248016 11.722041 12.205509 12.695351 13.188165
1.473417 1.516190 1.560566 1.606634 1.654465 1.704169 1.755775 1.809453 1.865213 1.923246 1.983580 2.046382 2.111722 2.179784 2.250643 2.324484 2.401452 2.481655 2.565320 2.652573 2.743636 2.838681 2.937927 3.041580 3.149887 3.263107 3.381444 3.505221 3.634719 3.770218 3.912101 4.060665 4.216271 4.379336 4.550240 4.729437 4.917362 5.114511 5.321341 5.538423 5.766308 6.005550 6.256763 6.520550 6.797523 7.088374 7.393690 7.714097 8.050149 8.402393 8.771262 9.157012 9.559761 9.979294 10.415182 10.866409 11.331643 11.808892 12.295595 12.788717 13.284778
1.479249 1.522304 1.566931 1.613284 1.661432 1.711444 1.763413 1.817423 1.873570 1.931978 1.992720 2.055941 2.121732 2.190262 2.261634 2.335999 2.413505 2.494316 2.578597 2.666479 2.758243 2.853996 2.953985 3.058449 3.167577 3.281686 3.400944 3.525692 3.656208 3.792799 3.935818 4.085551 4.242433 4.406804 4.579099 4.759699 4.949154 5.147865 5.356359 5.575177 5.804885 6.046019 6.299186 6.564998 6.844144 7.137177 7.444797 7.767559 8.106072 8.460843 8.832289 9.220719 9.626156 10.048504 10.487213 10.941351 11.409503 11.889695 12.379388 12.875488 13.374574
1.484769 1.528020 1.572917 1.619572 1.667973 1.718274 1.770558 1.824902 1.881388 1.940153 2.001299 2.064919 2.131139 2.200127 2.271971 2.346839 2.424858 2.506214 2.591052 2.679578 2.771941 2.868381 2.969087 3.074298 3.184221 3.299121 3.419257 3.544930 3.676383 3.813998 3.958056 4.108913 4.266946 4.432519 4.606088 4.788085 4.978909 5.179113 5.389155 5.609563 5.840952 6.083832 6.338816 6.606550 6.887666 7.182753 7.492441 7.817395 8.158164 8.515263 8.889098 9.279950 9.687913 10.112814 10.554107 11.010887 11.481732 11.964607 12.457029 12.955865 13.457693
1.489896 1.533383 1.578547 1.625421 1.674113 1.724698 1.777259 1.831909 1.888717 1.947813 2.009322 2.073316 2.139962 2.209348 2.281620 2.356949 2.435459 2.517314 2.602706 2.691796 2.784771 2.881837 2.983195 3.089094 3.199751 3.315414 3.436383 3.562862 3.695249 3.833767 3.978818 4.130694 4.289800 4.456552 4.631307 4.814521 5.006689 5.208229 5.419690 5.641607 5.874514 6.119037 6.375693 6.645170 6.928074 7.225036 7.536684 7.863646 8.206473 8.565693 8.941739 9.334827 9.745074 10.172288 10.615977 11.075164 11.548441 12.033795 12.528682 13.030031 13.534321
1.494675 1.538373 1.583745 1.630855 1.679797 1.730642 1.783477 1.838431 1.895537 1.954959 2.016770 2.081138 2.148127 2.217908 2.290607 2.366350 2.445327 2.527645 2.613544 2.703136 2.796662 2.894328 2.996297 3.102838 3.214167 3.330552 3.452254 3.579553 3.712731 3.852130 3.998088 4.150942 4.311036 4.478804 4.654664 4.839032 5.032382 5.235190 5.447970 5.671254 5.905594 6.151563 6.409808 6.680861 6.965430 7.264102 7.577532 7.906321 8.251042 8.612204 8.990216 9.385340 9.797688 10.227048 10.672873 11.134243 11.609748 12.097320 12.594489 13.098087 13.604636
1.499090 1.542977 1.588552 1.635876 1.685066 1.736129 1.789215 1.844412 1.901831 1.961523 2.023669 2.088346 2.155675 2.225829 2.298890 2.375030 2.454412 2.537184 2.623531 2.713639 2.807673 2.905857 3.008397 3.115534 3.227493 3.344498 3.466889 3.594904 3.728851 3.869067 4.015850 4.169563 4.330601 4.499342 4.676204 4.861623 5.056070 5.260027 5.473982 5.698510 5.934183 6.181490 6.441122 6.713649 6.999701 7.299964 7.615009 7.945462 8.291892 8.654813 9.034651 9.431606 9.845835 10.277101 10.724898 11.188266 11.665740 12.155384 12.654534 13.160200 13.668799
1.503121 1.547198 1.592970 1.640488 1.689863 1.741161 1.794495 1.849933 1.907586 1.967559 2.029982 2.094964 2.162593 2.233074 2.306497 2.383008 2.462751 2.545937 2.632690 2.723233 2.817731 2.916411 3.019478 3.127151 3.239657 3.357315 3.480311 3.608984 3.743617 3.884546 4.032073 4.186597 4.348477 4.518089 4.695868 4.882254 5.077681 5.282681 5.497750 5.723418 5.960238 6.208801 6.469699 6.743537 7.030988 7.332638 7.649137 7.981093 8.329073 8.693586 9.075027 9.473672 9.889577 10.322588 10.772134 11.237279 11.716557 12.207989 12.708997 13.216484 13.726915
1.506775 1.551016 1.596985 1.644675 1.694250 1.745743 1.799264 1.854921 1.912820 1.973055 2.035712 2.100956 2.168880 2.239650 2.313371 2.390209 2.470315 2.553870 2.640983 2.731958 2.826880 2.925994 3.029503 3.137649 3.250697 3.368870 3.492467 3.621734 3.757008 3.898588 4.046798 4.202050 4.364669 4.535069 4.713665 4.900917 5.097257 5.303199 5.519237 5.745942 5.983809 6.233447 6.495505 6.770553 7.059202 7.362135 7.679946 8.013219 8.362584 8.728513 9.111434 9.511545 9.929002 10.363551 10.814647 11.281404 11.762280 12.255342 12.757959 13.267071 13.779128
1.510071 1.554457 1.600561 1.648437 1.698153 1.749837 1.803562 1.859413 1.917500 1.977954 2.040859 2.106328 2.174524 2.245557 2.319554 2.396679 2.477102 2.560965 2.648458 2.739762 2.835062 2.934584 3.038535 3.147114 3.260622 3.379285 3.503363 3.633158 3.768991 3.911160 4.060007 4.215887 4.379161 4.550286 4.729618 4.917631 5.114762 5.321541 5.538468 5.766069 6.004879 6.255508 6.518585 6.794660 7.084421 7.388457 7.707436 8.041943 8.392513 8.759691 9.143869 9.545343 9.964091 10.400020 10.852515 11.320647 11.802959 12.297442 12.801512 13.312059 13.825560
1.512974 1.557501 1.603739 1.651738 1.701632 1.753466 1.807370 1.863394 1.921647 1.982297 2.045412 2.111098 2.179507 2.250760 2.325011 2.402418 2.483096 2.567265 2.655052 2.746685 2.842304 2.942194 3.046481 3.155484 3.269391 3.388444 3.513000 3.643263 3.779592 3.922265 4.071668 4.228094 4.391982 4.563727 4.743709 4.932382 5.130241 5.337758 5.555448 5.783823 6.023473 6.274970 6.538922 6.815921 7.106634 7.411667 7.731633 8.067193 8.418842 8.787127 9.172421 9.575034 9.994972 10.432072 10.885771 11.355128 11.838675 12.334399 12.839715 13.351534 13.866293
1.515508 1.560132 1.606481 1.654626 1.704652 1.756613 1.810658 1.866833 1.925267 1.986052 2.049350 2.115235 2.183830 2.255303 2.329764 2.407373 2.488323 2.572715 2.660778 2.752672 2.848606 2.948760 3.053383 3.162694 3.276995 3.396432 3.521363 3.652030 3.788792 3.931912 4.081765 4.238692 4.403110 4.575376 4.755926 4.945174 5.143659 5.351790 5.570123 5.799186 6.039573 6.291816 6.556522 6.834321 7.125864 7.431734 7.752583 8.089015 8.441602 8.810830 9.197092 9.600685 10.021646 10.459757 10.914495 11.384896 11.869513 12.366312 12.872710 13.385577 13.901434
1.517655 1.562376 1.608833 1.657078 1.707198 1.759285 1.813425 1.869749 1.928343 1.989279 2.052701 2.118758 2.187500 2.259152 2.333779 2.411608 2.492728 2.577340 2.665632 2.757750 2.853935 2.954334 3.059247 3.168860 3.283435 3.403193 3.528435 3.659465 3.796578 3.940079 4.090323 4.247667 4.412514 4.585236 4.766232 4.956017 5.155002 5.363683 5.582574 5.812225 6.053191 6.306055 6.571413 6.849889 7.142117 7.448700 7.770268 8.107468 8.460828 8.830859 9.217932 9.622338 10.044142 10.483121 10.938710 11.410014 11.895498 12.393190 12.900489 13.414262 13.931025
1.519416 1.564214 1.610739 1.659082 1.709293 1.761483 1.815738 1.872146 1.930839 1.991884 2.055447 2.121598 2.190523 2.262308 2.337099 2.415045 2.496353 2.581145 2.669605 2.761919 2.858295 2.958935 3.064059 3.173891 3.288695 3.408735 3.534247 3.665534 3.802958 3.946775 4.097325 4.255028 4.420219 4.593297 4.774696 4.964869 5.164256 5.373387 5.592732 5.822869 6.064307 6.317692 6.583577 6.862610 7.155381 7.462555 7.784721 8.122544 8.476519 8.847206 9.234942 9.640021 10.062503 10.502168 10.958489 11.430490 11.916698 12.415139 12.923151 13.437666 13.955157
1.520785 1.565653 1.612222 1.660623 1.710922 1.763193 1.817519 1.874013 1.932783 1.993933 2.057576 2.123855 2.192860 2.264757 2.339654 2.417734 2.499186 2.584091 2.672699 2.765171 2.861694 2.962489 3.067782 3.177812 3.292805 3.413040 3.538761 3.670284 3.807914 3.951967 4.102803 4.260738 4.426194 4.599580 4.781281 4.971765 5.171488 5.380943 5.600665 5.831124 6.072987 6.326772 6.593044 6.872469 7.165700 7.473323 7.795983 8.134229 8.488731 8.859894 9.248155 9.653744 10.076759 10.516966 10.973835 11.446387 11.933158 12.432143 12.940749 13.455821 13.973875
1.521759 1.566678 1.613309 1.661744 1.712073 1.764399 1.818777 1.875351 1.934176 1.995391 2.059091 2.125436 2.194542 2.266488 2.341486 2.419677 2.501191 2.586192 2.674923 2.767469 2.864118 2.965047 3.070446 3.180592 3.295748 3.416119 3.541984 3.673663 3.811456 3.955681 4.106699 4.264846 4.430501 4.604060 4.785975 4.976686 5.176645 5.386343 5.606295 5.837072 6.079166 6.333227 6.599800 6.879557 7.173064 7.481011 7.803984 8.142612 8.497439 8.868936 9.257554 9.663548 10.086938 10.527524 10.984776 11.457721 11.944886 12.444276 12.953269 13.468752 13.987225
1.522330 1.567275 1.613948 1.662415 1.712768 1.765131 1.819556 1.876152 1.935007 1.996285 2.060017 2.126391 2.195533 2.267566 2.342582 2.420825 2.502398 2.587470 2.676244 2.768881 2.865591 2.966594 3.072056 3.182293 3.297495 3.417938 3.543904 3.675696 3.813589 3.957907 4.109024 4.267280 4.433071 4.606758 4.788809 4.979644 5.179753 5.389574 5.609696 5.840611 6.082888 6.337101 6.603856 6.883779 7.177484 7.485633 7.808796 8.147617 8.502648 8.874377 9.263211 9.669409 10.093027 10.533869 10.991343 11.464516 11.951934 12.451544 12.960780 13.476513 13.995201
1.522519 1.567474 1.614166 1.662643 1.713019 1.765396 1.819809 1.876421 1.935285 1.996564 2.060328 2.126726 2.195880 2.267902 2.342955 2.421204 2.502795 2.587897 2.676669 2.769339 2.866066 2.967062 3.072582 3.182851 3.298092 3.418566 3.544553 3.676373 3.814285 3.958652 4.109806 4.268089 4.433936 4.607646 4.789752 4.980627 5.180768 5.390647 5.610814 5.841783 6.084105 6.338387 6.605218 6.885190 7.178966 7.487155 7.810405 8.149281 8.504394 8.876187 9.265098 9.671376 10.095060 10.535975 10.993528 11.466784 11.954289 12.453957 12.963273 13.479093 13.997871
1.522343 1.567283 1.613950 1.662397 1.712793 1.765124 1.819541 1.876148 1.935018 1.996278 2.060013 2.126410 2.195518 2.267562 2.342589 2.420825 2.502412 2.587479 2.676247 2.768884 2.865573 2.966575 3.072055 3.182294 3.297491 3.417954 3.543919 3.675705 3.813575 3.957907 4.109016 4.267283 4.433065 4.606757 4.788793 4.979629 5.179736 5.389590 5.609683 5.840604 6.082886 6.337096 6.603845 6.883777 7.177485 7.485611 7.808786 8.147614 8.502645 8.874384 9.263225 9.669421 10.093027 10.533852 10.991341 11.464520 11.951933 12.451550 12.960784 13.476506 13.995191
1.521749 1.566650 1.613313 1.661748 1.712081 1.764383 1.818801 1.875345 1.934179 1.995415 2.059098 2.125437 2.194534 2.266500 2.341479 2.419676 2.501199 2.586191 2.674915 2.767477 2.864121 2.965050 3.070465 3.180610 3.295745 3.416093 3.541972 3.673664 3.811451 3.955664 4.106687 4.264837 4.430490 4.604061 4.785986 4.976698 5.176653 5.386341 5.606295 5.837067 6.079166 6.333221 6.599803 6.879539 7.173053 7.481014 7.803972 8.142607 8.497416 8.868956 9.257567 9.663538 10.086925 10.527516 10.984777 11.457734 11.944892 12.444295 12.953265 13.468747 13.987216
1.520769 1.565652 1.612247 1.660627 1.710917 1.763189 1.817508 1.874002 1.932780 1.993932 2.057580 2.123837 2.192862 2.264748 2.339656 2.417757 2.499169 2.584086 2.672703 2.765148 2.861686 2.962500 3.067769 3.177817 3.292787 3.413036 3.538770 3.670288 3.807923 3.951961 4.102796 4.260746 4.426206 4.599575 4.781284 4.971753 5.171472 5.380951 5.600625 5.831145 6.072999 6.326759 6.593051 6.872485 7.165724 7.473302 7.795977 8.134242 8.488720 8.859902 9.248138 9.653743 10.076769 10.516965 10.973836 11.446385 11.933164 12.432157 12.940735 13.455831 13.973862
1.519399 1.564200 1.610728 1.659070 1.709298 1.761476 1.815731 1.872157 1.930818 1.991900 2.055454 2.121606 2.190519 2.262281 2.337098 2.415057 2.496343 2.581137 2.669607 2.761915 2.858283 2.958917 3.064039 3.173910 3.288710 3.408726 3.534230 3.665546 3.802952 3.946750 4.097352 4.255022 4.420229 4.593313 4.774690 4.964869 5.164269 5.373377 5.592749 5.822855 6.064344 6.317724 6.583566 6.862615 7.155400 7.462565 7.784740 8.122549 8.476520 8.847199 9.234941 9.640034 10.062498 10.502175 10.958513 11.430498 11.916712 12.415127 12.923154 13.437681 13.955166
1.517654 1.562393 1.608812 1.657078 1.707196 1.759299 1.813434 1.869747 1.928328 1.989261 2.052718 2.118741 2.187500 2.259138 2.333782 2.411619 2.492730 2.577365 2.665623 2.757751 2.853929 2.954364 3.059257 3.168866 3.283437 3.403192 3.528427 3.659462 3.796558 3.940092 4.090321 4.247685 4.412519 4.585237 4.766255 4.956007 5.154984 5.363662 5.582571 5.812200 6.053199 6.306041 6.571408 6.849893 7.142118 7.448695 7.770284 8.107477 8.460814 8.830851 9.217935 9.622334 10.044131 10.483109 10.938713 11.410006 11.895497 12.393210 12.900502 13.414279 13.931037
1.515496 1.560151 1.606478 1.654623 1.704655 1.756620 1.810649 1.866830 1.925289 1.986071 2.049350 2.115225 2.183846 2.255297 2.329767 2.407399 2.488298 2.572727 2.660774 2.752659 2.848587 2.948760 3.053401 3.162730 3.276969 3.396439 3.521362 3.652034 3.788776 3.931906 4.081744 4.238700 4.403096 4.575365 4.755903 4.945185 5.143641 5.351786 5.570127 5.799198 6.039588 6.291826 6.556539 6.834336 7.125844 7.431725 7.752590 8.089022 8.441589 8.810819 9.197102 9.600687 10.021655 10.459769 10.914497 11.384896 11.869522 12.366292 12.872705 13.385589 13.901438
1.512986 1.557497 1.603731 1.651734 1.701634 1.753463 1.807364 1.863371 1.921684 1.982296 2.045392 2.111099 2.179500 2.250765 2.325017 2.402423 2.483105 2.567271 2.655063 2.746665 2.842297 2.942168 3.046493 3.155461 3.269365 3.388472 3.513000 3.643267 3.779595 3.922259 4.071639 4.228088 4.392004 4.563724 4.743702 4.932390 5.130221 5.337731 5.555443 5.783816 6.023456 6.274949 6.538925 6.815933 7.106619 7.411667 7.731644 8.067176 8.418846 8.787109 9.172430 9.575039 9.994958 10.432047 10.885774 11.355122 11.838675 12.334400 12.839733 13.351520 13.866298
