Fortran/gravity_magnetic/Console4/gravity.grd
DSAA
         201         201
    -1000.000000     1000.000000
    -1000.000000     1000.000000
    5.549671E-01       23.539846
[rows 162 to 188 of 201, columns 122 to 182 of 201]
5.064853 5.014582 4.962270 4.907928 4.851615 4.793379 4.733342 4.671525 4.608005 4.542875 4.476247 4.408218 4.338879 4.268398 4.196849 4.124390 4.051109 3.977165 3.902749 3.827969 3.752931 3.677825 3.602742 3.527814 3.453217 3.379023 3.305384 3.232377 3.160075 3.088622 3.018106 2.948553 2.880028 2.812579 2.746335 2.681279 2.617415 2.554822 2.493473 2.433479 2.374719 2.317282 2.261176 2.206335 2.152822 2.100571 2.049597 1.999891 1.951458 1.904233 1.858230 1.813337 1.769675 1.727190 1.685751 1.645424 1.606184 1.567978 1.530818 1.494650 1.459401
4.870488 4.822744 4.773083 4.721484 4.668088 4.612882 4.555967 4.497404 4.437221 4.375583 4.312514 4.248161 4.182619 4.115928 4.048300 3.979768 3.910501 3.840626 3.770232 3.699517 3.628566 3.557451 3.486398 3.415459 3.344792 3.274479 3.204614 3.135322 3.066701 2.998771 2.931671 2.865493 2.800237 2.735974 2.672746 2.610630 2.549622 2.489756 2.431107 2.373562 2.317282 2.262194 2.208348 2.155658 2.104176 2.053924 2.004895 1.957001 1.910307 1.864715 1.820292 1.776973 1.734756 1.693637 1.653542 1.614526 1.576510 1.539468 1.503438 1.468300 1.434139
4.685256 4.639897 4.592732 4.543769 4.493070 4.440733 4.386772 4.331265 4.274285 4.215922 4.156210 4.095312 4.033252 3.970208 3.906199 3.841362 3.775896 3.709784 3.643209 3.576247 3.509089 3.441819 3.374495 3.307292 3.240313 3.173607 3.107351 3.041537 2.976338 2.911801 2.847971 2.784941 2.722797 2.661520 2.601201 2.541892 2.483608 2.426380 2.370192 2.315126 2.261171 2.208338 2.156603 2.105980 2.056555 2.008192 1.960964 1.914848 1.869815 1.825870 1.782977 1.741153 1.700388 1.660584 1.621829 1.584041 1.547215 1.511321 1.476361 1.442309 1.409141
4.508659 4.465555 4.420763 4.374305 4.326215 4.276555 4.225399 4.172763 4.118789 4.063470 4.006948 3.949251 3.890533 3.830830 3.770231 3.708916 3.646900 3.584349 3.521334 3.457970 3.394382 3.330649 3.266886 3.203167 3.139625 3.076354 3.013445 2.950972 2.888981 2.827608 2.766875 2.706857 2.647646 2.589203 2.531661 2.475029 2.419285 2.364561 2.310775 2.258067 2.206335 2.155658 2.105990 2.057423 2.009876 1.963378 1.917921 1.873457 1.830062 1.787698 1.746309 1.705902 1.666517 1.628056 1.590575 1.553984 1.518310 1.483510 1.449649 1.416609 1.384420
4.340222 4.299284 4.256745 4.212613 4.166986 4.119863 4.071340 4.021467 3.970276 3.917873 3.864296 3.809685 3.754067 3.697524 3.640170 3.582067 3.523381 3.464123 3.404469 3.344446 3.284183 3.223769 3.163342 3.102902 3.042646 2.982602 2.922865 2.863464 2.804549 2.746168 2.688362 2.631191 2.574724 2.519004 2.464056 2.409969 2.356720 2.304374 2.252903 2.202386 2.152802 2.104176 2.056560 2.009871 1.964168 1.919450 1.875707 1.832892 1.791075 1.750171 1.710281 1.671263 1.633184 1.596025 1.559767 1.524348 1.489820 1.456155 1.423278 1.391250 1.359994
4.179568 4.140663 4.100239 4.058380 4.015029 3.970357 3.924274 3.876974 3.828464 3.778749 3.727975 3.676224 3.623499 3.569957 3.515635 3.460608 3.404982 3.348873 3.292336 3.235414 3.178319 3.121047 3.063704 3.006416 2.949207 2.892130 2.835403 2.778986 2.722903 2.667330 2.612306 2.557834 2.504010 2.450856 2.398403 2.346708 2.295807 2.245732 2.196479 2.148085 2.100571 2.053929 2.008192 1.963368 1.919450 1.876427 1.834333 1.793085 1.752798 1.713374 1.674855 1.637223 1.600424 1.564521 1.529416 1.495193 1.461738 1.429108 1.397302 1.366220 1.335894
4.026232 3.989291 3.950881 3.911118 3.869968 3.827526 3.783843 3.738941 3.692924 3.645785 3.597688 3.548599 3.498626 3.447857 3.396394 3.344216 3.291516 3.238300 3.184686 3.130774 3.076605 3.022261 2.967852 2.913427 2.859142 2.804919 2.750971 2.697315 2.643989 2.591128 2.538678 2.486780 2.435416 2.384696 2.334665 2.285278 2.236604 2.188676 2.141553 2.095174 2.049602 2.004895 1.960959 1.917916 1.875712 1.834338 1.793778 1.754117 1.715253 1.677247 1.640133 1.603747 1.568235 1.533553 1.499626 1.466428 1.434078 1.402468 1.371638 1.341517 1.312166
3.879861 3.844734 3.808287 3.770490 3.731390 3.691115 3.649629 3.607047 3.563362 3.518686 3.473003 3.426477 3.379094 3.330969 3.282125 3.232692 3.182681 3.132252 3.081393 3.030235 2.978855 2.927279 2.875627 2.823953 2.772357 2.720844 2.669556 2.618490 2.567728 2.517363 2.467420 2.417939 2.368960 2.320553 2.272738 2.225539 2.179011 2.133137 2.087998 2.043577 1.999891 1.956986 1.914848 1.873461 1.832897 1.793085 1.754112 1.715868 1.678460 1.641824 1.605967 1.570903 1.536558 1.503057 1.470270 1.438175 1.406840 1.376269 1.346369 1.317156 1.288707
3.740106 3.706685 3.672014 3.636143 3.599035 3.560775 3.521394 3.480953 3.439488 3.397069 3.353765 3.309600 3.264662 3.218974 3.172654 3.125746 3.078329 3.030465 2.982228 2.933668 2.884869 2.835897 2.786837 2.737746 2.688703 2.639721 2.590922 2.542367 2.494067 2.446060 2.398424 2.351241 2.304549 2.258283 2.212631 2.167530 2.122997 2.079102 2.035889 1.993308 1.951453 1.910288 1.869820 1.830062 1.791060 1.752793 1.715238 1.678465 1.642435 1.607075 1.572495 1.538644 1.505506 1.473091 1.441386 1.410383 1.380077 1.350453 1.321490 1.293183 1.265535
3.606590 3.574828 3.541865 3.507763 3.472499 3.436147 3.398753 3.360344 3.321003 3.280734 3.239607 3.197702 3.155043 3.111709 3.067734 3.023232 2.978223 2.932753 2.886967 2.840851 2.794512 2.748003 2.701390 2.654758 2.608074 2.561515 2.515064 2.468800 2.422810 2.377084 2.331684 2.286666 2.242072 2.197920 2.154304 2.111161 2.068549 2.026571 1.985182 1.944357 1.904213 1.864710 1.825845 1.787694 1.750181 1.713374 1.677251 1.641829 1.607075 1.573024 1.539694 1.506994 1.475009 1.443676 1.413026 1.383037 1.353708 1.325030 1.297006 1.269544 1.242735
3.478998 3.448799 3.417470 3.385018 3.351520 3.316979 3.281444 3.244966 3.207599 3.169371 3.130331 3.090507 3.050035 3.008868 2.967139 2.924864 2.882130 2.838984 2.795460 2.751683 2.707631 2.663433 2.619130 2.574731 2.530367 2.486057 2.441815 2.397790 2.353958 2.310351 2.267094 2.224089 2.181531 2.139370 2.097652 2.056428 2.015671 1.975478 1.935785 1.896694 1.858210 1.820292 1.782987 1.746309 1.710261 1.674855 1.640113 1.605958 1.572476 1.539689 1.507481 1.475952 1.445080 1.414835 1.385176 1.356167 1.327798 1.300026 1.272872 1.246300 1.220276
3.356993 3.328313 3.298502 3.267652 3.235818 3.202986 3.169228 3.134549 3.099056 3.062721 3.025642 2.987828 2.949399 2.910286 2.870635 2.830497 2.789885 2.748894 2.707546 2.665929 2.624071 2.582054 2.539892 2.497654 2.455446 2.413266 2.371168 2.329186 2.287429 2.245834 2.204539 2.163537 2.122874 2.082603 2.042700 2.003259 1.964310 1.925778 1.887767 1.850291 1.813347 1.776973 1.741153 1.705897 1.671254 1.637194 1.603747 1.570908 1.538644 1.507023 1.475947 1.445536 1.415722 1.386471 1.357836 1.329797 1.302310 1.275433 1.249115 1.223362 1.198161
3.240369 3.213069 3.184732 3.155397 3.125098 3.093910 3.061818 3.028863 2.995120 2.960602 2.925357 2.889407 2.852893 2.815739 2.778079 2.739928 2.701328 2.662369 2.623066 2.583498 2.543678 2.503710 2.463603 2.423434 2.383205 2.343052 2.302916 2.262923 2.223080 2.183417 2.144023 2.104856 2.066055 2.027540 1.989401 1.951639 1.914359 1.877468 1.841079 1.805123 1.769680 1.734736 1.700388 1.666521 1.633184 1.600429 1.568235 1.536563 1.505506 1.475004 1.445080 1.415722 1.386886 1.358659 1.330972 1.303869 1.277275 1.251242 1.225770 1.200796 1.176395
3.128820 3.102813 3.075838 3.047942 3.019155 2.989483 2.958959 2.927639 2.895556 2.862740 2.829206 2.795093 2.760344 2.725059 2.689229 2.652944 2.616275 2.579225 2.541841 2.504193 2.466318 2.428256 2.390124 2.351848 2.313562 2.275259 2.237052 2.198912 2.160882 2.123069 2.085456 2.048070 2.010964 1.974145 1.937666 1.901577 1.865836 1.830518 1.795603 1.761170 1.727190 1.693613 1.660579 1.628081 1.596025 1.564526 1.533529 1.503052 1.473096 1.443691 1.414835 1.386471 1.358659 1.331359 1.304629 1.278388 1.252673 1.227493 1.202824 1.178619 1.154977
3.022015 2.997284 2.971636 2.945111 2.917694 2.889453 2.860446 2.830636 2.800147 2.768933 2.737077 2.704606 2.671568 2.637997 2.603930 2.569420 2.534552 2.499297 2.463731 2.427911 2.391870 2.355638 2.319295 2.282881 2.246377 2.209909 2.173468 2.137079 2.100807 2.064694 2.028754 1.993056 1.957585 1.922388 1.887505 1.852942 1.818713 1.784892 1.751406 1.718385 1.685727 1.653547 1.621829 1.590551 1.559767 1.529406 1.499606 1.470270 1.441381 1.413021 1.385176 1.357836 1.330972 1.304629 1.278788 1.253396 1.228533 1.204136 1.180262 1.156852 1.133906
2.919832 2.896277 2.871832 2.846600 2.820517 2.793641 2.766047 2.737700 2.708692 2.678986 2.648684 2.617792 2.586357 2.554447 2.522028 2.489200 2.456002 2.422446 2.388617 2.354505 2.320185 2.285718 2.251067 2.216339 2.181560 2.146798 2.112019 2.077289 2.042708 2.008225 1.973938 1.939768 1.905865 1.872192 1.838838 1.805733 1.772923 1.740522 1.708436 1.676724 1.645434 1.614526 1.584041 1.553984 1.524348 1.495193 1.466428 1.438189 1.410383 1.383033 1.356167 1.329797 1.303869 1.278388 1.253396 1.228916 1.204843 1.181219 1.158059 1.135393 1.113145
2.821921 2.799542 2.776291 2.752222 2.727409 2.701845 2.675565 2.648586 2.620989 2.592703 2.563875 2.534494 2.504607 2.474205 2.443354 2.412117 2.380485 2.348560 2.316327 2.283854 2.251162 2.218303 2.185288 2.152232 2.119044 2.085899 2.052699 2.019595 1.986539 1.953590 1.920815 1.888181 1.855760 1.823555 1.791585 1.759899 1.728530 1.697426 1.666662 1.636255 1.606174 1.576505 1.547215 1.518305 1.489810 1.461738 1.434078 1.406840 1.380072 1.353708 1.327798 1.302310 1.277275 1.252673 1.228533 1.204843 1.181545 1.158703 1.136306 1.114333 1.092788
2.728207 2.706851 2.684700 2.661802 2.638169 2.613850 2.588790 2.563144 2.536852 2.509940 2.482501 2.454525 2.426042 2.397101 2.367753 2.337992 2.307910 2.277486 2.246787 2.215829 2.184668 2.153364 2.121898 2.090360 2.058742 2.027075 1.995407 1.963787 1.932247 1.900757 1.869450 1.838210 1.807203 1.776365 1.745765 1.715429 1.685343 1.655525 1.626035 1.596859 1.567983 1.539478 1.511331 1.483530 1.456140 1.429113 1.402463 1.376260 1.350453 1.325030 1.300026 1.275433 1.251242 1.227493 1.204136 1.181219 1.158703 1.136591 1.114897 1.093638 1.072735
2.638337 2.618023 2.596926 2.575128 2.552585 2.529408 2.505632 2.481172 2.456116 2.430519 2.404384 2.377726 2.350616 2.323051 2.295104 2.266751 2.238071 2.209085 2.179829 2.150353 2.120678 2.090781 2.060772 2.030665 2.000491 1.970277 1.940044 1.909835 1.879705 1.849620 1.819660 1.789814 1.760155 1.730613 1.701340 1.672268 1.643400 1.614835 1.586525 1.558513 1.530813 1.503443 1.476366 1.449649 1.423278 1.397307 1.371638 1.346369 1.321490 1.297006 1.272872 1.249115 1.225770 1.202824 1.180262 1.158059 1.136306 1.114897 1.093916 1.073297 1.053057
2.552212 2.532860 2.512759 2.491992 2.470571 2.448464 2.425756 2.402486 2.378621 2.354225 2.329343 2.303956 2.278130 2.251873 2.225221 2.198228 2.170887 2.143272 2.115406 2.087257 2.058949 2.030453 2.001839 1.973104 1.944302 1.915480 1.886569 1.857754 1.828924 1.800163 1.771509 1.742944 1.714531 1.686304 1.658223 1.630335 1.602708 1.575312 1.548131 1.521248 1.494640 1.468305 1.442304 1.416604 1.391255 1.366220 1.341517 1.317156 1.293183 1.269544 1.246300 1.223362 1.200796 1.178619 1.156852 1.135393 1.114333 1.093638 1.073297 1.053311 1.033742
2.469648 2.451182 2.432049 2.412231 2.391826 2.370784 2.349154 2.326952 2.304241 2.281008 2.257264 2.233103 2.208477 2.183461 2.158037 2.132303 2.106251 2.079917 2.053319 2.026508 1.999483 1.972308 1.945006 1.917548 1.890039 1.862507 1.834925 1.807325 1.779762 1.752294 1.724869 1.697546 1.670344 1.643282 1.616394 1.589703 1.563162 1.536875 1.510788 1.484997 1.459411 1.434134 1.409141 1.384425 1.359994 1.335894 1.312166 1.288707 1.265535 1.242735 1.220276 1.198161 1.176395 1.154977 1.133906 1.113145 1.092788 1.072735 1.053057 1.033742 1.014723
2.390460 2.372858 2.354593 2.335716 2.316254 2.296205 2.275581 2.254418 2.232764 2.210612 2.187997 2.164934 2.141456 2.117619 2.093397 2.068869 2.044012 2.018898 1.993507 1.967930 1.942172 1.916225 1.890128 1.863928 1.837665 1.811354 1.784963 1.758595 1.732279 1.705948 1.679712 1.653546 1.627510 1.601605 1.575813 1.550186 1.524788 1.499537 1.474555 1.449731 1.425148 1.400866 1.376831 1.353049 1.329557 1.306354 1.283429 1.260839 1.238529 1.216549 1.194889 1.173520 1.152495 1.131809 1.111408 1.091380 1.071661 1.052270 1.033234 1.014460 9.960673E-01
2.314475 2.297679 2.280275 2.262294 2.243710 2.224584 2.204952 2.184746 2.164125 2.143020 2.121436 2.099458 2.077060 2.054321 2.031226 2.007806 1.984099 1.960144 1.935916 1.911498 1.886888 1.862101 1.837181 1.812184 1.787072 1.761898 1.736699 1.711480 1.686265 1.661119 1.635971 1.610962 1.585979 1.561135 1.536445 1.511865 1.487481 1.463274 1.439250 1.415450 1.391869 1.368475 1.345336 1.322475 1.299861 1.277486 1.255427 1.233689 1.212159 1.190944 1.170045 1.149415 1.129096 1.109121 1.089382 1.070023 1.050967 1.032210 1.013707 9.955715E-01 9.777381E-01
2.241539 2.225518 2.208915 2.191749 2.174054 2.155806 2.137073 2.117844 2.098115 2.077987 2.057419 2.036447 2.015119 1.993407 1.971360 1.948996 1.926390 1.903502 1.880379 1.857085 1.833566 1.809900 1.786114 1.762179 1.738195 1.714131 1.690026 1.665911 1.641811 1.617693 1.593646 1.569665 1.545752 1.521935 1.498240 1.474690 1.451263 1.428030 1.404981 1.382076 1.359400 1.336944 1.314692 1.292679 1.270933 1.249386 1.228119 1.207117 1.186381 1.165932 1.145747 1.125867 1.106237 1.086878 1.067859 1.049131 1.030650 1.012499 9.945956E-01 9.770086E-01 9.597231E-01
2.171488 2.156212 2.140373 2.124008 2.107118 2.089699 2.071828 2.053491 2.034721 2.015444 1.995853 1.975818 1.955452 1.934752 1.913709 1.892375 1.870789 1.848943 1.826876 1.804594 1.782132 1.759520 1.736792 1.713907 1.690984 1.667970 1.644914 1.621849 1.598736 1.575651 1.552629 1.529655 1.506738 1.483940 1.461205 1.438597 1.416095 1.393785 1.371633 1.349646 1.327848 1.306234 1.284853 1.263680 1.242704 1.221977 1.201465 1.181205 1.161224 1.141479 1.122001 1.102776 1.083846 1.065142 1.046747 1.028597 1.010755 9.931771E-01 9.758846E-01 9.588554E-01 9.421148E-01
2.104265 2.089635 2.074556 2.058912 2.042800 2.026200 2.009144 1.991630 1.973682 1.955338 1.936615 1.917493 1.898040 1.878289 1.858210 1.837834 1.817203 1.796349 1.775266 1.753981 1.732528 1.710881 1.689150 1.667312 1.645376 1.623339 1.601274 1.579195 1.557073 1.534960 1.512868 1.490867 1.468916 1.447003 1.425212 1.403516 1.381948 1.360506 1.339231 1.318097 1.297135 1.276361 1.255774 1.235362 1.215178 1.195236 1.175455 1.155949 1.136657 1.117628 1.098822 1.080272 1.061917 1.043909 1.026071 1.008591 9.912758E-01 9.742520E-01 9.575203E-01 9.409916E-01 9.247555E-01
2.039610 2.025681 2.011259 1.996375 1.980994 1.965104 1.948852 1.932141 1.914998 1.897478 1.879599 1.861358 1.842803 1.823902 1.804710 1.785275 1.765561 1.745638 1.725482 1.705162 1.684623 1.663955 1.643177 1.622265 1.601238 1.580195 1.559052 1.537932 1.516742 1.495573 1.474395 1.453301 1.432261 1.411230 1.390331 1.369497 1.348770 1.328215 1.307725 1.287404 1.267267 1.247264 1.227469 1.207811 1.188362 1.169132 1.150095 1.131291 1.112682 1.094284 1.076130 1.058238 1.040517 1.023101 1.005857 9.889287E-01 9.721751E-01 9.557155E-01 9.395031E-01 9.235212E-01 9.077606E-01
