Fortran/gravity_magnetic/Console3/A53_mag.grd
DSAA
          27          27
      -26.000000       26.000000
      -26.000000       26.000000
     -321.190338      851.481750
        6.574672        9.310797       12.731190       16.956064
       22.097147       28.238892       35.404053       43.508984
       52.321301       61.414623       70.172546       77.829216
       83.579147       86.722176       86.813347       83.765556
       77.877235       69.770073       60.266083       50.224483
       40.402500       31.358406       23.426979       16.744051
       11.298871        6.982430        3.645107
        6.298684        9.359727       13.280322       18.250332
       24.463478       32.097481       41.268131       51.956627
       63.928146       76.640488       89.211792      100.471062
      109.125732      114.019775      114.397194      110.093704
      101.585648       89.890213       76.330620       62.262535
       48.818485       36.775646       26.530840       18.169235
       11.579430        6.528305        2.756608
        5.738862        9.104762       13.534413       19.303387
       26.727606       36.135010       47.810143       61.882156
       78.189445       96.083076      114.321281      131.098618
      144.317001      152.032333      152.946671      146.754700
      134.229431      117.056358       97.411858       77.461494
       58.920628       42.837395       29.630489       19.245296
       11.359595        5.549362        1.380598
        4.827053        8.450436       13.355970       19.935936
       28.667664       40.103230       54.806328       73.216911
       95.386009      120.647888      147.304901      172.569946
      192.989151      205.266724      207.160507      198.099991
      179.361725      153.760406      124.930344       96.381081
       70.701225       49.258430       32.360542       19.628441
       10.369897        3.846187   -6.170398E-01
        3.490568        7.289025       12.592421       19.924414
       29.972433       43.599133       61.800564       85.548241
      115.421494      150.967850      189.992142      228.223999
      259.948181      279.542664      283.154175      269.759186
      241.430710      202.884827      160.238434      119.227821
       83.738754       55.402435       34.113770       18.838902
        8.273630        1.196998       -3.379643
        1.671375        5.528001       11.088560       19.029211
       30.270887       46.060383       67.994263       97.905006
      137.374588      186.693130      243.335754      300.894196
      349.927216      380.909637      387.388367      367.600281
      324.808228      266.776245      203.780716      145.212662
       96.778275       60.075249       33.967434       16.252916
        4.672246       -2.617613       -7.018914
   -6.722063E-01        3.085909        8.715107       17.023766
       29.171324       46.816830       72.273468      108.544548
      158.868759      225.200607      305.312775      390.006073
      463.979675      511.529297      522.391235      493.768707
      430.430054      344.590332      253.192535      171.407822
      107.219009       61.372005       30.713680       11.163547
   -7.965357E-01       -7.791243      -11.606826
       -3.553569   -6.858164E-02        5.396781       13.761038
       26.377768       45.257996       73.392204      115.056374
      175.651642      259.926300      367.236328      485.435822
      591.008179      659.572388      676.212952      636.951355
      547.875305      426.719910      300.058655      191.326813
      110.749260       56.790165       23.031134        2.957926
       -8.384052      -14.363980      -17.116049
       -6.957186       -3.926545        1.134011        9.224669
       21.817041       41.119774       70.514961      115.166176
      182.381027      280.114532      410.683167      560.134521
      696.186829      785.105652      807.698853      758.756958
      644.638000      488.249329      327.368500      194.831390
      102.113953       43.929516        9.986779       -8.632625
      -18.078411      -22.221058      -23.398094
      -10.834789       -8.438525       -4.004614        3.529777
       15.700778       34.738377       63.961376      108.458412
      175.893936      275.818604      413.298309      575.226074
      725.316162      824.699402      851.481750      798.411743
      670.571350      493.999817      314.878052      172.473770
       77.771004       21.865179       -8.367621      -23.248680
      -29.481096      -31.033998      -30.173468
      -15.113539      -13.525640       -9.917322       -3.140025
        8.440076       27.027998       55.540775       97.918365
      159.803589      248.713867      369.811340      513.938965
      650.925171      745.602356      774.352661      725.316772
      601.147583      428.993286      256.933929      124.013412
       39.288166       -7.691435      -30.636621      -39.870667
      -41.836609      -40.227028      -37.050018
      -19.711496      -19.106279      -16.536407      -10.690086
    3.030387E-01       18.862579       47.665630       89.107346
      145.000336      217.215515      307.536224      412.513367
      517.061523      597.284180      627.271240      587.037292
      476.110504      322.730408      173.015991       61.123791
       -6.646350      -40.852348      -54.453220      -56.960472
      -54.142387      -49.137547      -43.555195
      -24.504009      -25.094425      -23.844000      -19.239788
       -8.974919       10.053600       41.097469       85.801041
      141.901962      203.386734      265.481720      329.286713
      397.046844      459.129822      487.879608      454.057709
      353.480530      216.211044       87.534370       -3.143888
      -53.036251      -73.601669      -77.336739      -72.936714
      -65.339630      -57.069447      -49.228191
      -29.335854      -31.345678      -31.817247      -29.075062
      -20.323044       -1.392294       32.584084       84.226639
      148.430161      210.021454      253.801834      280.961395
      308.268921      342.223267      359.283386      325.638336
      233.445847      111.839165        4.088816      -64.956322
      -96.435699     -103.187485      -97.282715      -86.393982
      -74.506798      -63.386753      -53.648960
      -33.967747      -37.599976      -40.247421      -40.293194
      -34.729244      -18.562323       14.942173       70.758446
      143.113068      208.320908      238.197906      229.079239
      207.710388      198.228607      190.104034      154.046188
       79.918144      -10.768924      -84.665550     -124.643639
     -134.856705     -127.483475     -112.659927      -96.235718
      -80.909554      -67.633049      -56.522896
      -38.082214      -43.412407      -48.570724      -52.296818
      -52.005966      -42.946987      -17.932634       29.573032
       95.050087      151.849243      164.629623      124.946678
       62.467911       12.714943      -19.712170      -52.846333
      -96.511490     -141.141373     -169.864548     -175.751083
     -164.144211     -144.019989     -122.041367     -101.643433
      -84.097542      -69.559448      -57.704247
      -41.318569      -48.200485      -55.827946      -63.555679
      -69.804047      -71.343613      -62.866703      -39.037426
       -2.649212       25.701746       17.649574      -34.177498
     -106.055214     -166.229446     -203.396423     -224.469803
     -236.293579     -238.531418     -228.352905     -206.845734
     -179.158844     -150.627838     -124.569534     -102.306503
      -83.955597      -69.113335      -57.186352
      -43.352634      -51.381260      -60.949299      -72.044960
      -84.225494      -96.230003     -105.697739     -110.111893
     -110.731300     -117.114349     -141.923187     -187.107956
     -239.396622     -281.233978     -304.205078     -309.097931
     -299.121704     -277.238892     -246.871796     -212.396896
     -178.135574     -147.060318     -120.482132      -98.547287
      -80.790466      -66.541626      -55.140713
      -43.990608      -52.576042      -63.178207      -76.199974
      -91.973289     -110.599815     -131.743927     -154.718857
     -179.262939     -206.365738     -236.903183     -268.819763
     -296.834503     -315.324982     -321.190338     -313.892517
     -294.567017     -265.937958     -232.008804     -197.012466
     -164.210632     -135.413345     -111.187370      -91.308083
      -75.222076      -62.285427      -51.873940
      -43.235867      -51.749195      -62.375702      -75.651688
      -92.167282     -112.459839     -136.784607     -164.772171
     -195.082306     -225.284058     -252.264297     -273.162628
     -286.243073     -290.916321     -287.088593     -274.812683
     -254.750717     -228.741348     -199.606613     -170.291428
     -143.035248     -119.059998      -98.734085      -81.880661
      -68.087173      -56.859943      -47.736740
      -41.269615      -49.186867      -59.013847      -71.215355
      -86.292633     -104.661377     -126.435997     -151.051010
     -176.907700     -201.363815     -221.436768     -234.962265
     -241.264496     -240.805313     -234.291611     -222.278564
     -205.466873     -185.091537     -162.887375     -140.646408
     -119.798622     -101.178200      -85.099495      -71.519493
      -60.204231      -50.832367      -43.096828
      -38.402790      -45.384872      -53.914749      -64.306023
      -76.855560      -91.736458     -108.829880     -127.494324
     -146.405136     -163.669403     -177.331512     -186.045731
     -189.432510     -187.863953     -181.973709     -172.384018
     -159.758316     -144.957077     -129.026337     -113.025879
      -97.825737      -83.986450      -71.770332      -61.225918
      -52.249523      -44.675282      -38.302643
      -34.981899      -40.881348      -47.934654      -56.312389
      -66.134560      -77.400955      -89.882813     -103.023415
     -115.901848     -127.349342     -136.235229     -141.785538
     -143.751678     -142.316940     -137.892746     -130.959259
     -122.037598     -111.718979     -100.650246      -89.461990
      -78.674217      -68.659721      -59.628357      -51.650017
      -44.710991      -38.723003      -33.599636
      -31.321566      -36.144062      -41.769444      -48.269043
      -55.653206      -63.841297      -72.600700      -81.517189
      -90.002548      -97.380951     -103.023117     -106.504723
     -107.662453     -106.576546     -103.484764      -98.708244
      -92.604942      -85.571648      -78.012108      -70.297272
      -62.758106      -55.626755      -49.060650      -43.135677
      -37.862633      -33.222042      -29.176050
      -27.671318      -31.514187      -35.883400      -40.792568
      -46.203850      -52.013252      -58.031559      -63.974388
      -69.481628      -74.173561      -77.709923      -79.855598
      -80.512085      -79.718933      -77.608467      -74.382591
      -70.270187      -65.525833      -60.398167      -55.119999
      -49.885014      -44.854488      -40.131088      -35.781132
      -31.830534      -28.291130      -25.133699
      -24.202448      -27.204298      -30.536650      -34.176746
      -38.076389      -42.141113      -46.228977      -50.156101
      -53.708549      -56.672466      -58.862133      -60.154316
      -60.495514      -59.908104      -58.466373      -56.293388
      -53.534401      -50.342289      -46.871162      -43.264729
      -39.645435      -36.107918      -32.732014      -29.565022
      -26.636446      -23.956301      -21.527403
      -21.015621      -23.326941      -25.830408      -28.498320
      -31.278473      -34.098759      -36.857082      -39.441246
      -41.722309      -43.582668      -44.920826      -45.674347
      -45.820827      -45.371277      -44.375095      -42.900745
      -41.039230      -38.885178      -36.531429      -34.065754
      -31.559538      -29.081448      -26.675350      -24.383404
      -22.224699      -20.212212      -18.359863
