Fortran/gravity_magnetic/Console3/expand_2D.grd
DSAA
          64          64
         -63          63
         -63          63
  -322.1033       850.9742    
[rows 26 to 51 of 64, columns 0 to 59 of 64]
-31.45471 -32.61783 -33.57788 -34.02344 -34.20090 -34.23422 -34.18391 -34.06650 -33.89014 -33.64562 -33.32290 -32.89314 -32.32227 -31.53740 -30.43344 -28.77818 -26.15540 -21.74660 -15.58391 -9.303996 -2.461463 6.662580 19.89398 39.63113 69.33293 114.2125 181.5962 279.4612 410.1287 559.6492 695.7459 784.6913 807.2880 758.3320 644.1744 487.7297 326.7665 194.1192 101.2571 42.88272 8.688294 -10.27759 -20.23886 -25.19050 -27.71115 -29.33573 -30.56644 -31.50741 -32.23108 -32.78990 -33.22627 -33.56849 -33.83848 -34.05022 -34.21439 -34.33679 -34.42003 -34.46186 -34.45197 -34.36719
-36.41217 -37.73383 -38.82245 -39.32858 -39.53537 -39.58446 -39.54504 -39.43639 -39.26891 -39.03375 -38.72215 -38.30470 -37.74806 -36.97690 -35.88330 -34.22049 -31.54380 -26.96804 -20.61467 -14.44335 -7.970675 0.7263203 13.60335 33.11209 62.65929 107.3934 175.0033 275.0576 412.6396 574.6401 724.7753 824.1920 850.9742 797.8924 670.0086 493.3774 314.1705 171.6479 76.79124 20.68141 -9.828226 -25.11560 -31.95298 -34.49325 -35.35899 -36.03105 -36.75342 -37.40671 -37.95708 -38.40498 -38.76757 -39.05871 -39.29251 -39.47769 -39.62209 -39.72898 -39.79950 -39.82964 -39.80711 -39.70500
-41.15729 -42.60211 -43.78955 -44.34177 -44.57127 -44.63340 -44.60421 -44.50517 -44.34867 -44.12649 -43.83132 -43.43425 -42.90379 -42.16463 -41.10995 -39.48689 -36.83738 -32.23866 -25.90816 -20.07778 -14.20494 -6.150660 6.192833 25.28418 54.13911 96.76241 158.8268 247.8667 369.0650 513.2568 650.2778 744.9844 773.7333 724.6862 600.4748 428.2690 256.1330 123.0909 38.20693 -8.992672 -32.24423 -41.92847 -44.59989 -44.16544 -43.07553 -42.63631 -42.76462 -43.08135 -43.42913 -43.74773 -44.02477 -44.25694 -44.44925 -44.60439 -44.72659 -44.81655 -44.87367 -44.89244 -44.85861 -44.74257
-45.41714 -46.92780 -48.16745 -48.74371 -48.98593 -49.05694 -49.03659 -48.94764 -48.80396 -48.59814 -48.32466 -47.95609 -47.46414 -46.77651 -45.79258 -44.26437 -41.74219 -37.30934 -31.28415 -26.08277 -21.07293 -13.86349 -2.061338 17.02514 46.18398 87.87762 143.9530 216.3016 306.7228 411.7715 516.3614 596.6140 626.6003 586.3542 475.3836 321.9435 172.1413 60.11983 -7.813887 -42.25525 -56.18893 -59.19424 -57.16225 -53.49995 -50.33780 -48.72418 -48.21887 -48.17348 -48.30204 -48.48029 -48.66432 -48.83245 -48.97977 -49.10240 -49.20087 -49.27309 -49.31679 -49.32496 -49.28220 -49.15708
-48.93512 -50.43719 -51.66875 -52.24134 -52.48389 -52.55854 -52.54499 -52.46619 -52.33677 -52.15033 -51.90333 -51.57092 -51.12928 -50.51267 -49.63187 -48.25762 -45.97512 -41.93070 -36.55165 -32.33368 -28.54282 -22.52493 -11.42445 8.146206 39.55403 84.51600 140.8006 202.4208 264.6146 328.4899 396.2925 458.4011 487.1514 453.3132 352.6965 215.3645 86.59637 -4.208694 -54.27797 -75.08907 -79.18211 -75.31085 -68.57688 -61.77166 -56.62299 -53.87878 -52.75292 -52.34735 -52.25500 -52.29057 -52.37930 -52.48157 -52.58252 -52.67165 -52.74582 -52.80014 -52.83093 -52.82987 -52.78113 -52.65298
-51.49759 -52.90826 -54.06532 -54.60408 -54.83357 -54.90616 -54.89705 -54.82812 -54.71395 -54.54944 -54.33289 -54.04327 -53.66225 -53.13422 -52.38650 -51.22306 -49.29259 -45.86846 -41.50080 -38.66851 -36.57931 -32.41294 -22.81782 -3.341309 31.00045 82.90126 147.2865 209.0125 252.8877 280.1149 307.4626 341.4413 358.5015 324.8401 232.6095 110.9418 3.100903 -66.06970 -97.73376 -104.7395 -99.20880 -88.88126 -77.89908 -68.34108 -61.47887 -57.74917 -56.06772 -55.33142 -55.03179 -54.93134 -54.92794 -54.96593 -55.02121 -55.07734 -55.12757 -55.16458 -55.18331 -55.17477 -55.12336 -54.99871
-52.95510 -54.19593 -55.21587 -55.69252 -55.89635 -55.96152 -55.95441 -55.89497 -55.79652 -55.65575 -55.47247 -55.23069 -54.91802 -54.49224 -53.90141 -52.99568 -51.51291 -48.91357 -45.88545 -44.81885 -44.97461 -43.62535 -37.23396 -20.53090 13.33453 69.40486 141.9377 207.2816 237.2509 228.2019 206.8732 197.4149 189.2906 153.2154 79.04956 -11.70218 -85.68961 -125.8012 -136.2003 -129.0849 -114.6366 -98.78746 -84.39563 -72.72887 -64.57955 -60.09346 -57.96532 -56.95187 -56.47224 -56.25063 -56.16322 -56.14177 -56.15416 -56.17917 -56.20671 -56.22760 -56.23560 -56.22152 -56.17070 -56.05574
-53.23706 -54.24747 -55.08176 -55.47428 -55.64254 -55.69595 -55.68879 -55.63822 -55.55557 -55.43946 -55.29100 -55.09991 -54.86000 -54.54455 -54.12482 -53.50600 -52.53244 -50.89334 -49.41780 -50.35603 -53.16452 -55.56924 -54.48566 -44.90949 -19.54662 28.20635 93.86034 150.8015 163.6715 124.0532 61.60354 11.87010 -20.55665 -53.70917 -97.41252 -142.1066 -170.9230 -176.9402 -165.5129 -145.6480 -124.0493 -104.2284 -87.60931 -74.66823 -65.76373 -60.80724 -58.37206 -57.15255 -56.53064 -56.20921 -56.05002 -55.97665 -55.95072 -55.94770 -55.95455 -55.96104 -55.95978 -55.94210 -55.89469 -55.79454
-52.36025 -53.10778 -53.73004 -54.02586 -54.15277 -54.19159 -54.18301 -54.14057 -54.07348 -53.98194 -53.86851 -53.72838 -53.56192 -53.35792 -53.11183 -52.78585 -52.33613 -51.69094 -51.80027 -54.72401 -60.21134 -66.72137 -72.22966 -73.28194 -64.47391 -40.41066 -3.858608 24.62342 16.65589 -35.10378 -106.9482 -167.0978 -204.2624 -225.3555 -237.2166 -239.5191 -229.4301 -208.0544 -180.5455 -152.2711 -126.5854 -104.8826 -87.43821 -74.14484 -65.05491 -59.93396 -57.34467 -55.99881 -55.27850 -54.88247 -54.66669 -54.55069 -54.49243 -54.46522 -54.45416 -54.44817 -54.43939 -54.41972 -54.37793 -54.29585
-50.42500 -50.90837 -51.31664 -51.51385 -51.59818 -51.62139 -51.61076 -51.57567 -51.52356 -51.45557 -51.37594 -51.28459 -51.18835 -51.09003 -51.00778 -50.95621 -50.99454 -51.26694 -52.79385 -57.38231 -65.06432 -75.06722 -86.57368 -98.13001 -107.2904 -111.4847 -111.9510 -118.2159 -142.9436 -188.0650 -240.3162 -282.1309 -305.1008 -310.0104 -300.0709 -278.2491 -247.9669 -213.6165 -179.5324 -148.7020 -122.4833 -101.0826 -84.18192 -71.40015 -62.64920 -57.64827 -55.05167 -53.65848 -52.88479 -52.44072 -52.18482 -52.03647 -51.95272 -51.90575 -51.87993 -51.86355 -51.84899 -51.82860 -51.79375 -51.73105
-47.60768 -47.85274 -48.06660 -48.17307 -48.21764 -48.22606 -48.21332 -48.18505 -48.14683 -48.10069 -48.05221 -48.00545 -47.97253 -47.96819 -48.02911 -48.21292 -48.66056 -49.68331 -52.30039 -58.00017 -66.98837 -79.05585 -94.23090 -112.4520 -133.3142 -156.0851 -180.4797 -207.4681 -237.9241 -269.7845 -297.7656 -316.2377 -322.1033 -314.8224 -295.5349 -266.9641 -233.1219 -198.2407 -165.6056 -137.0467 -113.1566 -93.78102 -78.48821 -66.88533 -58.88073 -54.22841 -51.74844 -50.37808 -49.59246 -49.12587 -48.84603 -48.67585 -48.57359 -48.51156 -48.47425 -48.44976 -48.43094 -48.41084 -48.38331 -48.33943
-44.14103 -44.19254 -44.24661 -44.27710 -44.28783 -44.28361 -44.26924 -44.24727 -44.22155 -44.19501 -44.17393 -44.16589 -44.18676 -44.26044 -44.43638 -44.80286 -45.55473 -47.10817 -50.40861 -56.58235 -65.86926 -78.33414 -94.32806 -114.2620 -138.3330 -166.1360 -196.3077 -226.4063 -253.3121 -274.1577 -287.2036 -291.8588 -288.0305 -275.7700 -255.7416 -229.7858 -200.7318 -171.5300 -144.4307 -120.6745 -100.6591 -84.26839 -71.19489 -61.16852 -54.16457 -50.01457 -47.74202 -46.44985 -45.68689 -45.22024 -44.93111 -44.74907 -44.63495 -44.56260 -44.51690 -44.48653 -44.46479 -44.44564 -44.42503 -44.39806
-40.27887 -40.18869 -40.12392 -40.09653 -40.08099 -40.06704 -40.05183 -40.03565 -40.02088 -40.01113 -40.01313 -40.03690 -40.10055 -40.23395 -40.49358 -40.98511 -41.92957 -43.78731 -47.37631 -53.45756 -62.20327 -73.73204 -88.36267 -106.4210 -127.9702 -152.4190 -178.1508 -202.5114 -222.5141 -235.9879 -242.2582 -241.7801 -235.2635 -223.2650 -206.4850 -186.1610 -164.0304 -141.8983 -121.1949 -102.7759 -86.98367 -73.81937 -63.14170 -54.82537 -48.92402 -45.35269 -43.34219 -42.16615 -41.45191 -41.00312 -40.71709 -40.53186 -40.41196 -40.33356 -40.28250 -40.24830 -40.22482 -40.20699 -40.19242 -40.17944
-36.26207 -36.07919 -35.93502 -35.86774 -35.83378 -35.81318 -35.79804 -35.78704 -35.78158 -35.78563 -35.80605 -35.85430 -35.94944 -36.12413 -36.43681 -36.99890 -38.03465 -40.00070 -43.56152 -49.14992 -56.83109 -66.67699 -78.85450 -93.47049 -110.3683 -128.8848 -147.6829 -164.8602 -178.4556 -187.1213 -190.4756 -188.8883 -182.9950 -173.4165 -160.8187 -146.0628 -130.2012 -114.2986 -99.23100 -85.57487 -73.61970 -63.44368 -55.02666 -48.35285 -43.53321 -40.55085 -38.82412 -37.78512 -37.13664 -36.71869 -36.44543 -36.26409 -36.14363 -36.06293 -36.00919 -35.97293 -35.94872 -35.93238 -35.92275 -35.92049
-32.29919 -32.06406 -31.87369 -31.78220 -31.73687 -31.71249 -31.69821 -31.69180 -31.69391 -31.70871 -31.74294 -31.80861 -31.92452 -32.12367 -32.46250 -33.04943 -34.09591 -36.02394 -39.34396 -44.22431 -50.63181 -58.57840 -68.09825 -79.14317 -91.45834 -104.4706 -117.2482 -128.6162 -137.4389 -142.9418 -144.8729 -143.4173 -138.9854 -132.0582 -123.1602 -112.8844 -101.8792 -90.77721 -80.11176 -70.26354 -61.45989 -53.80611 -47.34650 -42.12828 -38.28992 -35.86003 -34.41298 -33.51763 -32.94378 -32.56486 -32.31124 -32.13920 -32.02234 -31.94249 -31.88835 -31.85161 -31.82751 -31.81265 -31.80685 -31.81223
-28.55497 -28.29766 -28.08628 -27.98289 -27.93189 -27.90605 -27.89321 -27.89068 -27.89868 -27.92135 -27.96508 -28.04174 -28.16908 -28.37855 -28.72203 -29.29942 -30.30037 -32.09687 -35.06196 -39.17126 -44.32383 -50.49383 -57.64089 -65.65136 -74.27359 -83.08088 -91.47746 -98.78117 -104.3638 -107.7955 -108.9147 -107.8024 -104.6976 -99.92093 -93.83681 -86.83888 -79.33161 -71.69764 -64.26416 -57.27962 -50.91253 -45.26459 -40.40391 -36.40447 -33.40783 -31.46683 -30.27821 -29.52240 -29.02544 -28.68967 -28.45995 -28.30098 -28.19087 -28.11434 -28.06166 -28.02571 -28.00240 -27.98907 -27.98605 -27.99645
-25.15781 -24.89853 -24.68345 -24.57696 -24.52447 -24.49886 -24.48778 -24.48840 -24.50070 -24.52861 -24.57807 -24.66026 -24.79138 -25.00019 -25.33274 -25.87767 -26.79963 -28.41680 -30.99000 -34.36763 -38.41313 -43.08816 -48.32549 -54.00350 -59.91663 -65.77207 -71.20471 -75.82805 -79.30022 -81.38792 -81.99690 -81.16553 -79.03142 -75.79517 -71.69240 -66.97482 -61.89352 -56.68208 -51.54273 -46.63648 -42.08319 -37.96811 -34.36065 -31.33937 -29.03424 -27.50692 -26.54586 -25.91851 -25.49590 -25.20411 -25.00042 -24.85687 -24.75570 -24.68432 -24.63454 -24.60042 -24.57847 -24.56663 -24.56562 -24.57896
-22.21839 -21.96939 -21.76141 -21.65747 -21.60624 -21.58195 -21.57269 -21.57570 -21.59081 -21.62169 -21.67368 -21.75701 -21.88603 -22.08632 -22.39777 -22.89725 -23.72509 -25.14953 -27.34647 -30.09007 -33.23208 -36.73714 -40.53728 -44.52727 -48.55319 -52.42184 -55.91306 -58.80984 -60.92862 -62.14788 -62.42015 -61.77065 -60.28294 -58.08121 -55.31263 -52.13353 -48.69749 -45.14629 -41.60379 -38.17260 -34.93514 -31.95742 -29.30059 -27.03699 -25.27930 -24.08908 -23.32082 -22.80707 -22.45320 -22.20399 -22.02679 -21.89985 -21.80897 -21.74404 -21.69826 -21.66674 -21.64661 -21.63628 -21.63671 -21.65154
-19.86810 -19.63563 -19.44046 -19.34232 -19.29396 -19.27156 -19.26398 -19.26864 -19.28527 -19.31720 -19.36915 -19.45024 -19.57296 -19.75959 -20.04420 -20.49274 -21.22433 -22.46560 -24.33515 -26.57415 -29.03487 -31.68802 -34.47316 -37.30499 -40.07029 -42.64110 -44.88337 -46.67549 -47.92194 -48.56649 -48.59520 -48.03471 -46.94360 -45.40268 -43.50393 -41.34186 -39.00648 -36.57984 -34.13409 -31.73166 -29.42688 -27.26841 -25.30694 -23.60611 -22.26319 -21.33718 -20.72713 -20.31088 -20.01862 -19.80918 -19.65779 -19.54774 -19.46790 -19.41021 -19.36918 -19.34085 -19.32289 -19.31413 -19.31563 -19.33099
-18.15855 -17.94467 -17.76460 -17.67374 -17.62904 -17.60871 -17.60253 -17.60812 -17.62516 -17.65659 -17.70651 -17.78292 -17.89650 -18.06645 -18.32168 -18.71868 -19.35932 -20.43815 -22.04136 -23.90739 -25.89121 -27.96449 -30.07284 -32.14515 -34.09408 -35.82993 -37.26747 -38.33901 -39.00071 -39.23830 -39.06480 -38.51648 -37.64481 -36.50901 -35.16829 -33.67690 -32.08158 -30.42228 -28.73377 -27.04853 -25.39932 -23.82064 -22.35420 -21.05661 -20.01586 -19.29108 -18.80843 -18.47443 -18.23635 -18.06317 -17.93623 -17.84277 -17.77420 -17.72419 -17.68839 -17.66365 -17.64815 -17.64102 -17.64342 -17.65875
-16.89627 -16.70137 -16.53704 -16.45399 -16.41319 -16.39487 -16.38973 -16.39560 -16.41211 -16.44183 -16.48825 -16.55828 -16.66099 -16.81275 -17.03812 -17.38557 -17.94310 -18.88035 -20.26512 -21.84763 -23.48682 -25.15173 -26.79095 -28.34185 -29.73264 -30.89616 -31.77622 -32.33816 -32.57189 -32.49365 -32.14009 -31.56116 -30.81029 -29.93674 -28.97917 -27.96339 -26.90333 -25.80602 -24.67667 -23.52382 -22.36277 -21.21660 -20.11993 -19.12438 -18.31246 -17.74447 -17.36514 -17.10041 -16.90958 -16.76907 -16.66487 -16.58733 -16.52992 -16.48775 -16.45746 -16.43658 -16.42372 -16.41831 -16.42151 -16.43653
-15.88181 -15.70573 -15.55712 -15.48193 -15.44498 -15.42846 -15.42399 -15.42957 -15.44480 -15.47189 -15.51376 -15.57630 -15.66716 -15.80024 -15.99638 -16.29728 -16.77934 -17.59138 -18.78858 -20.13767 -21.50320 -22.85087 -24.13034 -25.28416 -26.25059 -26.97725 -27.42753 -27.59005 -27.48010 -27.13869 -26.62352 -25.99892 -25.32372 -24.64234 -23.97878 -23.33649 -22.70271 -22.05691 -21.37907 -20.65729 -19.89198 -19.09666 -18.30019 -17.55037 -16.92527 -16.48596 -16.19264 -15.98690 -15.83735 -15.72615 -15.64290 -15.58041 -15.53383 -15.49949 -15.47483 -15.45796 -15.44790 -15.44429 -15.44830 -15.46289
-15.01543 -14.85778 -14.72457 -14.65703 -14.62374 -14.60875 -14.60458 -14.60938 -14.62274 -14.64650 -14.68311 -14.73750 -14.81608 -14.93060 -15.09868 -15.35618 -15.76940 -16.46855 -17.49875 -18.64495 -19.77807 -20.86039 -21.84173 -22.66790 -23.28428 -23.64925 -23.74104 -23.56654 -23.16189 -22.58945 -21.92638 -21.25141 -20.63009 -20.10436 -19.68665 -19.36137 -19.09223 -18.83415 -18.54481 -18.19419 -17.76962 -17.27630 -16.73823 -16.20001 -15.73560 -15.40648 -15.18684 -15.03219 -14.91899 -14.83411 -14.77008 -14.72171 -14.68552 -14.65884 -14.63980 -14.62703 -14.61986 -14.61811 -14.62294 -14.63708
-14.24636 -14.10657 -13.98825 -13.92805 -13.89814 -13.88440 -13.88016 -13.88378 -13.89480 -13.91475 -13.94561 -13.99151 -14.05774 -14.15416 -14.29559 -14.51270 -14.86265 -15.45850 -16.33661 -17.30045 -18.22762 -19.07710 -19.79835 -20.33942 -20.65113 -20.70040 -20.47763 -20.00527 -19.33777 -18.55684 -17.75762 -17.03258 -16.45432 -16.06337 -15.86220 -15.81832 -15.87424 -15.96267 -16.02084 -16.00218 -15.88216 -15.65858 -15.35117 -15.00171 -14.68020 -14.44828 -14.29327 -14.18359 -14.10272 -14.04160 -13.99519 -13.96002 -13.93373 -13.91447 -13.90100 -13.89234 -13.88810 -13.88828 -13.89400 -13.90774
-13.54952 -13.42687 -13.32283 -13.26957 -13.24273 -13.22994 -13.22535 -13.22744 -13.23577 -13.25156 -13.27640 -13.31368 -13.36771 -13.44667 -13.56291 -13.74239 -14.03384 -14.53431 -15.27217 -16.06919 -16.80965 -17.44931 -17.93702 -18.22242 -18.26074 -18.02608 -17.51942 -16.77693 -15.86957 -14.89679 -13.97069 -13.19700 -12.65538 -12.38551 -12.38106 -12.59397 -12.94707 -13.35233 -13.72812 -14.01266 -14.17055 -14.19285 -14.09551 -13.91773 -13.72574 -13.58123 -13.48395 -13.41443 -13.36260 -13.32304 -13.29286 -13.27001 -13.25310 -13.24101 -13.23297 -13.22840 -13.22713 -13.22927 -13.23592 -13.24932
-12.91055 -12.80421 -12.71370 -12.66693 -12.64284 -12.63073 -12.62550 -12.62580 -12.63117 -12.64258 -12.66126 -12.68993 -12.73205 -12.79429 -12.88678 -13.03114 -13.26834 -13.68031 -14.28806 -14.93109 -15.50013 -15.94786 -16.22241 -16.27459 -16.06339 -15.56919 -14.80239 -13.81166 -12.68320 -11.53300 -10.48897 -9.669311 -9.160460 -9.001561 -9.178153 -9.627808 -10.25518 -10.95304 -11.62213 -12.18646 -12.60058 -12.84940 -12.94539 -12.92541 -12.85212 -12.78717 -12.74209 -12.70884 -12.68334 -12.66349 -12.64829 -12.63696 -12.62895 -12.62375 -12.62102 -12.62049 -12.62218 -12.62633 -12.63397 -12.64713
