Fortran/gravity_magnetic/Console3/expand.grd
DSAA
          64          64
         -63          63
         -63          63
  -795.4033       1926.858    
[rows 0 to 25 of 64, columns 0 to 59 of 64]
-8.956368 -9.702883 -10.37555 -10.96925 -11.47947 -11.90233 -12.23460 -12.47376 -12.61798 -12.66618 -12.61798 -12.47375 -12.23458 -11.90230 -11.47944 -10.96922 -10.37550 -9.702833 -8.956315 -8.945173 -8.685232 -8.087418 -7.047633 -5.466654 -3.259966 -0.3955593 3.076586 6.984545 11.03296 14.81292 17.87569 19.81206 20.34820 19.40460 17.11913 13.81076 9.912970 5.866458 2.051796 -1.272205 -3.976411 -6.033448 -7.489844 -8.430096 -8.956423 -9.665442 -10.30844 -10.88102 -11.37927 -11.79978 -12.13970 -12.39669 -12.56899 -12.65544 -12.65543 -12.56898 -12.39667 -12.13968 -11.79976 -11.37923
-8.904443 -9.631245 -10.28474 -10.85997 -11.35255 -11.75873 -12.07541 -12.30019 -12.43137 -12.46793 -12.40961 -12.25683 -12.01078 -11.67332 -11.24702 -10.73512 -10.14152 -9.470737 -8.727875 -8.536281 -8.043561 -7.149538 -5.738555 -3.701812 -0.9489677 2.549176 6.727000 11.37859 16.15598 20.58118 24.13140 26.33146 26.86580 25.64717 22.84278 18.83155 14.12437 9.240746 4.627544 0.5895120 -2.720536 -5.269569 -7.110590 -8.341633 -9.081012 -9.785318 -10.42278 -10.98905 -11.48025 -11.89302 -12.22456 -12.47259 -12.63542 -12.71193 -12.70161 -12.60453 -12.42134 -12.15331 -11.80225 -11.37057
-8.784749 -9.486307 -10.11567 -10.66804 -11.13922 -11.52563 -11.82432 -12.03302 -12.15014 -12.17480 -12.10679 -11.94664 -11.69557 -11.35550 -10.92900 -10.41932 -9.830349 -9.166562 -8.433011 -8.062421 -7.340674 -6.157248 -4.385807 -1.908801 1.369247 5.474504 10.32621 15.68602 21.15602 26.19279 30.20343 32.65044 33.17891 31.69453 28.39257 23.70901 18.22826 12.54470 7.168069 2.446738 -1.443959 -4.465587 -6.677220 -8.189684 -9.136488 -9.830721 -10.45780 -11.01344 -11.49385 -11.89574 -12.21638 -12.45356 -12.60568 -12.67168 -12.65112 -12.54415 -12.35148 -12.07444 -11.71492 -11.27538
-8.598198 -9.269174 -9.869600 -10.39492 -10.84112 -11.20482 -11.48324 -11.67427 -11.77645 -11.78900 -11.71183 -11.54553 -11.29136 -10.95125 -10.52780 -10.02423 -9.444365 -8.792624 -8.073965 -7.527202 -6.581919 -5.118094 -2.999677 -0.1012583 3.677048 8.358176 13.84684 19.87408 25.99507 31.60508 36.04562 38.72096 39.23953 37.50069 33.72629 28.40604 22.19344 15.75319 9.654048 4.285349 -0.1563890 -3.627617 -6.193033 -7.975409 -9.122432 -9.801307 -10.41323 -10.95402 -11.41998 -11.80794 -12.11523 -12.33976 -12.48000 -12.53499 -12.50435 -12.38830 -12.18762 -11.90369 -11.53844 -11.09437
-8.346210 -8.981495 -9.548424 -10.04268 -10.46051 -10.79873 -11.05476 -11.22667 -11.31313 -11.31348 -11.22774 -11.05655 -10.80121 -10.46366 -10.04648 -9.552846 -8.986504 -8.351770 -7.653474 -6.934696 -5.773073 -4.039992 -1.590721 1.707050 5.956858 11.17823 17.26208 23.91088 30.63627 36.77681 41.61346 44.49677 45.00150 43.02144 38.80331 32.88688 25.98970 18.84177 12.06655 6.091340 1.132368 -2.762041 -5.661713 -7.700435 -9.038947 -9.697298 -10.28941 -10.81123 -11.25920 -11.63026 -11.92187 -12.13205 -12.25935 -12.30290 -12.26242 -12.13817 -11.93100 -11.64234 -11.27414 -10.82893
-8.030702 -8.625462 -9.154575 -9.614019 -10.00029 -10.31046 -10.54216 -10.69362 -10.76370 -10.75187 -10.65820 -10.48342 -10.22885 -9.896437 -9.488704 -9.008759 -8.460248 -7.847353 -7.174733 -6.289412 -4.920289 -2.931141 -0.1696548 3.502372 8.191339 13.91322 20.54595 27.76572 35.04432 41.66867 46.86462 49.93394 50.42099 48.21479 43.58504 37.11744 29.58818 21.78697 14.38722 7.850978 2.412510 -1.875442 -5.087304 -7.366856 -8.886670 -9.519487 -10.08728 -10.58616 -11.01273 -11.36407 -11.63778 -11.83200 -11.94539 -11.97718 -11.92716 -11.79566 -11.58358 -11.29238 -10.92404 -10.48107
-7.654075 -8.203785 -8.691056 -9.112185 -9.463965 -9.743720 -9.949316 -10.07919 -10.13236 -10.10842 -10.00754 -9.830503 -9.578649 -9.253894 -8.858711 -8.396111 -7.869607 -7.283213 -6.641389 -5.596264 -4.030060 -1.799984 1.252701 5.271036 10.36347 16.54231 23.67345 31.40923 39.18566 46.24340 51.75910 54.99107 55.45674 53.04118 48.03505 41.06550 32.96146 24.56636 16.59839 9.550862 3.674290 -0.9745703 -4.474177 -6.977211 -8.666761 -9.269228 -9.808376 -10.28052 -10.68245 -11.01139 -11.26513 -11.44190 -11.54052 -11.56031 -11.50112 -11.36337 -11.14800 -10.85648 -10.49080 -10.05345
-7.219195 -7.719671 -8.161393 -8.541003 -8.855612 -9.102823 -9.280756 -9.388056 -9.423910 -9.388041 -9.280723 -9.102774 -8.855545 -8.540922 -8.161297 -7.719561 -7.219071 -6.663644 -6.057499 -4.860523 -3.109159 -0.6551251 2.665524 6.999586 12.45674 19.04552 26.62078 34.81371 43.02877 50.46619 56.25967 59.62970 60.07043 57.46390 52.11948 44.70104 36.08390 27.15878 18.68324 11.17806 4.908107 -6.6281319E-02 -3.826999 -6.534464 -8.380893 -8.948423 -9.454828 -9.896646 -10.27086 -10.57491 -10.80673 -10.96473 -11.04782 -11.05545 -10.98756 -10.84461 -10.62758 -10.33796 -9.977713 -9.549311
-6.729374 -7.176807 -7.569617 -7.904819 -8.179861 -8.392650 -8.541563 -8.625471 -8.643736 -8.596215 -8.483271 -8.305765 -8.065048 -7.762950 -7.401771 -6.984262 -6.513597 -5.993360 -5.427509 -4.087792 -2.164596 0.4947171 4.058058 8.674862 14.45520 21.40376 29.36551 37.95322 46.54440 54.30490 60.33205 63.81451 64.22695 61.44928 55.80725 47.99636 38.93171 29.54450 20.62590 12.72018 6.104569 0.8425112 -3.150696 -6.041987 -8.031240 -8.559517 -9.029324 -9.437449 -9.781111 -10.05795 -10.26609 -10.40411 -10.47104 -10.46646 -10.39037 -10.24331 -10.02628 -9.740756 -9.388695 -8.972498
-6.188339 -6.579323 -6.920231 -7.208474 -7.441856 -7.618602 -7.737364 -7.797240 -7.797777 -7.738966 -7.621257 -7.445546 -7.213170 -6.925897 -6.585914 -6.195808 -5.758548 -5.277463 -4.756212 -3.283949 -1.203558 1.640795 5.419710 10.28412 16.34365 23.59912 31.88676 40.80390 49.70581 57.73032 63.94529 67.51365 67.89467 64.96700 59.07030 50.92642 41.48322 31.70538 22.41158 14.16550 7.254573 1.744892 -2.450413 -5.503527 -7.620465 -8.105466 -8.535099 -8.906427 -9.216918 -9.464446 -9.647324 -9.764299 -9.814573 -9.797807 -9.714109 -9.564054 -9.348670 -9.069423 -8.728222 -8.327398
-5.600205 -5.931765 -6.218178 -6.457269 -6.647215 -6.786572 -6.874279 -6.909668 -6.892471 -6.822819 -6.701240 -6.528661 -6.306395 -6.036133 -5.719933 -5.360201 -4.959673 -4.521401 -4.048717 -2.455114 -0.2333608 2.774386 6.740115 11.81511 18.10772 25.61487 34.16533 43.34403 52.48892 60.71637 67.07185 70.69897 71.04567 67.99028 61.88379 53.46889 43.71902 33.62495 24.02670 15.50301 8.349365 2.633994 -1.731482 -4.923182 -7.151694 -7.589728 -7.975918 -8.307623 -8.582580 -8.798907 -8.955131 -9.050181 -9.083408 -9.054588 -8.963916 -8.812010 -8.599911 -8.329063 -8.001322 -7.618922
-4.969452 -5.239064 -5.468801 -5.656919 -5.801984 -5.902893 -5.958877 -5.969509 -5.934712 -5.854747 -5.730223 -5.562089 -5.351625 -5.100431 -4.810420 -4.483800 -4.123054 -3.730930 -3.310410 -1.607595 0.7386117 3.886860 8.009222 13.25618 19.73397 27.43568 36.18387 45.55428 54.87255 63.24034 69.68796 73.34623 73.65596 70.49611 64.22630 55.60442 45.62210 35.28862 25.45896 16.72253 9.380611 3.503048 -0.9993732 -4.305368 -6.628495 -7.016229 -7.356035 -7.645592 -7.882923 -8.066404 -8.194785 -8.267186 -8.283113 -8.242460 -8.145502 -7.992901 -7.785702 -7.525317 -7.213528 -6.852462
-4.300877 -4.506489 -4.677803 -4.813517 -4.912596 -4.974288 -4.998122 -4.983918 -4.931784 -4.842115 -4.715594 -4.553186 -4.356125 -4.125911 -3.864296 -3.573273 -3.255053 -2.912062 -2.546907 -0.7478395 1.704964 4.969756 9.217375 14.59636 21.21003 29.04769 37.92703 47.41784 56.83858 65.28301 71.77370 75.43527 75.70570 72.46542 66.08001 57.31678 47.17797 36.68372 26.69746 17.81479 10.34047 4.345444 -0.2596579 -3.654787 -6.054848 -6.389330 -6.680168 -6.925373 -7.123272 -7.272510 -7.372071 -7.421273 -7.419779 -7.367601 -7.265095 -7.112960 -6.912239 -6.664298 -6.370833 -6.033850
-3.599571 -3.739619 -3.851204 -3.933481 -3.985821 -4.007827 -3.999331 -3.960397 -3.891323 -3.792634 -3.665079 -3.509631 -3.327473 -3.119991 -2.888764 -2.635552 -2.362282 -2.071033 -1.764022 0.1176066 2.658340 6.014827 10.35538 15.82545 22.52468 30.43862 39.38155 48.92053 58.37204 66.82883 73.31321 76.95022 77.17926 73.88323 67.43082 58.59292 48.37477 37.79964 27.73278 18.77146 11.22163 5.154767 0.4820328 -2.976392 -5.435120 -5.713806 -5.953462 -6.152449 -6.309409 -6.423268 -6.493252 -6.518879 -6.499975 -6.436670 -6.329397 -6.178886 -5.986169 -5.752559 -5.479654 -5.169317
-2.870868 -2.944286 -2.995295 -3.023508 -3.028710 -3.010863 -2.970100 -2.906733 -2.821246 -2.714285 -2.586668 -2.439364 -2.273496 -2.090325 -1.891245 -1.677772 -1.451530 -1.214241 -0.9677105 0.9821589 3.591486 7.014123 11.41457 16.93410 23.66790 31.59790 40.53635 50.05089 59.46124 67.86605 74.29475 77.87952 78.06544 74.73874 68.26842 59.42313 49.20343 38.62788 28.55703 19.58527 12.01738 5.924859 1.220056 -2.275343 -4.774027 -4.994795 -5.181445 -5.332699 -5.447526 -5.525141 -5.565014 -5.566872 -5.530702 -5.456752 -5.345527 -5.197786 -5.014541 -4.797039 -4.546770 -4.265441
-2.120319 -2.126548 -2.116591 -2.090527 -2.048552 -1.990987 -1.918268 -1.830951 -1.729699 -1.615283 -1.488574 -1.350536 -1.202219 -1.044753 -0.8793352 -0.7072260 -0.5297334 -0.3482101 -0.1640360 1.839234 4.497295 7.960035 12.38689 17.91388 24.63099 32.51670 41.38265 50.80034 60.09791 68.38676 74.71087 78.21612 78.35750 75.02545 68.58648 59.80110 49.65761 39.16214 29.16395 20.25002 12.72168 6.649859 1.948792 -1.556980 -4.076602 -4.237773 -4.369996 -4.472367 -4.544188 -4.584966 -4.594425 -4.572500 -4.519339 -4.435307 -4.320977 -4.177131 -4.004751 -3.805013 -3.579285 -3.329105
-1.353631 -1.292623 -1.221777 -1.141633 -1.052800 -0.9559550 -0.8518343 -0.7412305 -0.6249861 -0.5039849 -0.3791475 -0.2514254 -0.1217895 8.7735653E-03 0.1392696 0.2687056 0.3960971 0.5204735 0.6408889 2.682313 5.368880 8.845368 13.26494 18.75731 25.40662 33.18803 41.91399 51.16317 60.27719 68.38702 74.55838 77.95744 78.05320 74.74117 68.38254 59.72394 49.73386 39.39835 29.54891 20.76066 13.32915 7.324250 2.662699 -0.8267655 -3.348151 -3.448497 -3.525287 -3.577995 -3.606262 -3.609894 -3.588868 -3.543325 -3.473578 -3.380104 -3.263539 -3.124681 -2.964479 -2.784026 -2.584556 -2.367430
-0.5766426 -0.4488626 -0.3176665 -0.1840526 -4.9038410E-02 8.6349368E-02 0.2210799 0.3541282 0.4844807 0.6111465 0.7331612 0.8495958 0.9595642 1.062231 1.156812 1.242589 1.318910 1.385193 1.440934 3.504977 6.199603 9.663382 14.04203 19.45800 25.98890 33.60678 42.12635 51.13662 59.99774 67.86681 73.83847 77.10546 77.15488 73.88806 67.65819 59.19226 49.43162 39.33471 29.70899 21.11330 13.83519 7.942900 3.356339 -9.0260506E-02 -2.594220 -2.632978 -2.653750 -2.656394 -2.640893 -2.607352 -2.556000 -2.487187 -2.401385 -2.299179 -2.181267 -2.048455 -1.901650 -1.741854 -1.570160 -1.387740
0.2047360 0.3983157 0.5888635 0.7749302 0.9550987 1.127999 1.292314 1.446794 1.590263 1.721629 1.839892 1.944153 2.033617 2.107605 2.165552 2.207019 2.231688 2.239373 2.230015 4.300967 6.983144 10.40785 14.71226 20.01060 26.37338 33.76976 42.01810 50.72088 59.26166 66.83009 72.55660 75.66666 75.66936 72.47262 66.41889 58.21007 48.75317 38.97171 29.64297 21.30525 14.23593 8.501099 4.024436 0.6469330 -1.820543 -1.797418 -1.762015 -1.714575 -1.655423 -1.584963 -1.503676 -1.412118 -1.310913 -1.200753 -1.082391 -0.9566352 -0.8243446 -0.6864227 -0.5438120 -0.3974865
-1.103390 -0.9799627 -0.8490770 -0.7117290 -0.5689648 -0.4218700 -0.2715647 -0.1191925 3.4086585E-02 0.1871065 0.3387023 0.4877203 0.6330267 0.7735152 0.9081168 1.035807 1.155614 1.266626 1.367999 3.615324 6.627044 10.60285 15.76744 22.35329 30.55712 40.45393 51.90775 64.43080 77.12765 88.71486 97.72752 102.8252 103.1283 98.45505 89.37940 77.09592 63.13881 49.02560 35.95476 24.67222 15.47143 8.309323 2.955989 -0.9011406 -3.574780 -3.653687 -3.707637 -3.736259 -3.739359 -3.716915 -3.669081 -3.596184 -3.498720 -3.377357 -3.232923 -3.066405 -2.878941 -2.671810 -2.446428 -2.204335
-2.895850 -2.871542 -2.825380 -2.757715 -2.669062 -2.560096 -2.431646 -2.284690 -2.120346 -1.939865 -1.744620 -1.536098 -1.315885 -1.085658 -0.8471673 -0.6022301 -0.3527089 -0.1005040 0.1524663 2.529680 5.834774 10.36160 16.46757 24.57214 35.09519 48.35800 64.39338 82.68653 101.9604 120.1518 134.7238 143.2841 144.2260 137.1830 123.1400 104.1977 83.03638 62.21639 43.62454 28.24137 16.26793 7.401777 1.113737 -3.165439 -5.944166 -6.163001 -6.339737 -6.473165 -6.562376 -6.606759 -6.606010 -6.560137 -6.469450 -6.334570 -6.156420 -5.936214 -5.675459 -5.375934 -5.039687 -4.669012
-5.279057 -5.388164 -5.456264 -5.482838 -5.467685 -5.410919 -5.312973 -5.174592 -4.996830 -4.781038 -4.528860 -4.242214 -3.923283 -3.574493 -3.198498 -2.798162 -2.376530 -1.936812 -1.482352 0.9376206 4.455701 9.476023 16.54097 26.34539 39.69794 57.40565 79.96498 107.0545 136.9529 166.2823 190.5279 205.2670 207.5193 196.5612 174.1092 143.9478 110.9160 79.49616 52.67036 31.61394 16.14025 5.353408 -1.822115 -6.370348 -9.075761 -9.480703 -9.820884 -10.09398 -10.29812 -10.43191 -10.49445 -10.48529 -10.40451 -10.25266 -10.03077 -9.740364 -9.383421 -8.962376 -8.480111 -7.939917
-8.352123 -8.634296 -8.850757 -8.999859 -9.080465 -9.091964 -9.034267 -8.907815 -8.713569 -8.453007 -8.128112 -7.741358 -7.295687 -6.794492 -6.241586 -5.641180 -4.997838 -4.316463 -3.602234 -1.260568 2.325961 7.698849 15.62595 27.17893 43.78399 67.14237 98.83489 139.3646 186.7258 235.3448 276.8524 302.8378 307.7355 290.1606 253.0972 203.4486 150.2967 101.8063 62.69569 33.96667 14.29841 1.568673 -6.251803 -10.75694 -13.10201 -13.74697 -14.29803 -14.75142 -15.10404 -15.35348 -15.49805 -15.53675 -15.46931 -15.29620 -15.01861 -14.63842 -14.15824 -13.58134 -12.91167 -12.15380
-12.18923 -12.68823 -13.09066 -13.39346 -13.59433 -13.69174 -13.68494 -13.57400 -13.35975 -13.04382 -12.62862 -12.11732 -11.51379 -10.82263 -10.04911 -9.199106 -8.279092 -7.296072 -6.257521 -4.157260 -0.7010920 4.778131 13.29514 26.38885 46.35673 76.40353 120.3470 181.1181 257.4464 340.2214 413.1775 459.7711 469.8534 441.0427 378.1993 293.8236 205.6971 129.4422 72.31267 33.74104 9.562625 -4.704817 -12.59923 -16.54166 -18.12094 -19.06562 -19.88008 -20.55872 -21.09693 -21.49103 -21.73832 -21.83712 -21.78675 -21.58755 -21.24088 -20.74913 -20.11563 -19.34472 -18.44167 -17.41264
-16.80815 -17.56958 -18.19728 -18.68651 -19.03351 -19.23566 -19.29141 -19.20034 -18.96315 -18.58164 -18.05871 -17.39834 -16.60556 -15.68640 -14.64785 -13.49784 -12.24508 -10.89915 -9.470257 -7.800804 -4.735109 0.5015681 9.135940 23.18364 45.97662 82.88457 141.7756 231.5106 355.2696 499.0648 629.5658 713.1016 732.7370 685.4561 577.6653 430.7155 281.0236 160.1981 78.10167 28.32159 0.3709258 -14.27485 -21.22821 -23.86004 -24.14604 -25.45157 -26.58325 -27.53333 -28.29533 -28.86405 -29.23560 -29.40744 -29.37839 -29.14866 -28.71982 -28.09479 -27.27785 -26.27457 -25.09181 -23.73764
-22.15443 -23.22291 -24.11463 -24.82284 -25.34212 -25.66854 -25.79961 -25.73433 -25.47319 -25.01818 -24.37278 -23.54188 -22.53181 -21.35026 -20.00622 -18.50993 -16.87276 -15.10718 -13.22662 -12.19075 -9.796205 -5.215791 2.910117 16.92169 41.04147 83.03642 156.6420 282.4799 478.3659 727.5549 959.0804 1103.188 1138.117 1063.859 883.3601 627.1847 372.2990 185.1155 73.34455 14.09420 -14.89889 -27.74955 -32.28999 -32.67615 -31.08224 -32.80557 -34.30482 -35.56973 -36.59165 -37.36362 -37.88036 -38.13834 -38.13579 -37.87273 -37.35097 -36.57407 -35.54733 -34.27775 -32.77403 -31.04643
