Fortran/gravity_magnetic/Console3/expand.grd
DSAA
          64          64
         -63          63
         -63          63
  -795.4033       1926.858    
[rows 26 to 51 of 64, columns 0 to 59 of 64]
-28.06030 -29.47640 -30.66817 -31.62654 -32.34421 -32.81573 -33.03749 -33.00782 -32.72694 -32.19699 -31.42200 -30.40787 -29.16232 -27.69482 -26.01655 -24.14028 -22.08029 -19.85225 -17.47313 -17.26853 -15.81045 -12.26028 -5.258202 7.573709 30.72114 73.34531 154.5800 311.1184 592.3646 993.8437 1372.660 1593.562 1646.679 1543.793 1270.325 853.0572 446.6296 182.8519 48.40598 -12.37779 -37.13544 -45.12200 -45.52848 -42.69408 -38.64747 -40.83267 -42.73894 -44.35326 -45.66460 -46.66402 -47.34466 -47.70190 -47.73327 -47.43859 -46.81985 -45.88128 -44.62930 -43.07246 -41.22138 -39.08872
-34.28951 -36.08794 -37.61171 -38.84925 -39.79111 -40.43014 -40.76147 -40.78259 -40.49332 -39.89587 -38.99479 -37.79694 -36.31143 -34.54957 -32.52477 -30.25243 -27.74985 -25.03609 -22.13177 -22.92769 -22.61199 -20.34022 -14.79383 -3.824731 16.41624 54.03931 128.2723 284.1295 602.5285 1110.952 1595.744 1861.023 1926.858 1814.975 1484.449 940.7463 422.4340 125.7328 -3.118702 -51.38775 -65.39343 -65.42786 -60.16247 -53.32059 -46.44725 -49.12020 -51.45763 -53.44355 -55.06439 -56.30909 -57.16914 -57.63866 -57.71445 -57.39600 -56.68547 -55.58773 -54.11027 -52.26317 -50.05907 -47.51300
-40.50929 -42.71658 -44.59875 -46.14152 -47.33311 -48.16447 -48.62928 -48.72398 -48.44786 -47.80303 -46.79439 -45.42961 -43.71909 -41.67583 -39.31540 -36.65576 -33.71714 -30.52192 -27.09440 -29.04604 -30.02827 -29.10978 -24.86622 -15.25388 2.592023 33.41973 88.64592 200.8135 443.3439 861.2377 1272.173 1507.603 1584.754 1500.878 1207.150 711.2853 253.7819 15.25331 -73.81265 -97.65303 -96.44270 -86.68684 -74.94744 -63.76868 -53.92418 -57.08523 -59.85634 -62.21856 -64.15577 -65.65472 -66.70519 -67.30000 -67.43507 -67.10950 -66.32551 -65.08844 -63.40675 -61.29193 -58.75843 -55.82354
-46.38012 -49.01411 -51.27507 -53.14581 -54.61206 -55.66268 -56.28968 -56.48829 -56.25698 -55.59752 -54.51493 -53.01745 -51.11648 -48.82647 -46.16487 -43.15193 -39.81057 -36.16624 -32.24665 -35.51469 -37.96367 -38.43044 -34.98809 -24.86427 -4.935151 26.79403 70.37190 130.8248 238.4622 433.8615 664.3732 861.5023 980.2932 945.7227 719.3540 357.4380 48.62675 -99.96652 -143.6662 -142.4850 -126.0394 -106.5579 -88.48862 -73.13917 -60.51358 -64.13693 -67.32217 -70.04752 -72.29439 -74.04741 -75.29460 -76.02747 -76.24097 -75.93369 -75.10770 -73.76865 -71.92567 -69.59138 -66.78171 -63.51584
-51.56056 -54.62773 -57.27913 -59.49461 -61.25731 -62.55379 -63.37421 -63.71231 -63.56552 -62.93496 -61.82542 -60.24536 -58.20679 -55.72523 -52.81957 -49.51193 -45.82746 -41.79423 -37.44291 -42.22755 -46.44205 -48.58533 -45.76557 -33.04890 -3.725481 46.90143 111.9463 167.4815 196.6380 233.1088 354.0808 585.3600 790.2786 791.2305 551.0513 199.2303 -65.92146 -180.1192 -199.2494 -179.9726 -150.9064 -123.0453 -99.52776 -80.60862 -65.67822 -69.71172 -73.26904 -76.32584 -78.86127 -80.85800 -82.30238 -83.18456 -83.49849 -83.24205 -82.41698 -81.02892 -79.08736 -76.60553 -73.60043 -70.09254
-55.74609 -59.23616 -62.27540 -64.84069 -66.91251 -68.47507 -69.51651 -70.02888 -70.00829 -69.45490 -68.37291 -66.77055 -64.66004 -62.05743 -58.98251 -55.45872 -51.51284 -47.17493 -42.47797 -49.01287 -55.47763 -60.16076 -59.12510 -44.17079 -0.6277611 89.67605 226.0306 351.9679 388.2121 353.2302 402.1612 642.4764 891.3515 892.3149 593.6870 164.4277 -134.9671 -242.8402 -243.9673 -209.0872 -169.3788 -134.7722 -107.0781 -85.57514 -69.01421 -73.38196 -77.24844 -80.58723 -83.37555 -85.59431 -87.22839 -88.26660 -88.70186 -88.53119 -87.75578 -86.38089 -84.41595 -81.87434 -78.77347 -75.13448
-58.67025 -62.54823 -65.95016 -68.85017 -71.22620 -73.06015 -74.33807 -75.05023 -75.19122 -74.75996 -73.75972 -72.19813 -70.08707 -67.44260 -64.28485 -60.63786 -56.52937 -51.99068 -47.05629 -55.51519 -64.78717 -73.39949 -77.18317 -65.60391 -14.83751 117.8248 363.0022 625.2553 701.2904 550.8911 384.3264 434.4570 572.4022 545.7081 292.2274 -54.29868 -269.5182 -316.4030 -282.3683 -229.1939 -180.1844 -140.7886 -110.5604 -87.66868 -70.28422 -74.88911 -78.98244 -82.53622 -85.52621 -87.93198 -89.73708 -90.92918 -91.50014 -91.44606 -90.76730 -89.46854 -87.55859 -85.05054 -81.96150 -78.31258
-60.10646 -64.30305 -68.01024 -71.19984 -73.84757 -75.93327 -77.44108 -78.35951 -78.68158 -78.40483 -77.53137 -76.06786 -74.02542 -71.41960 -68.27023 -64.60130 -60.44070 -55.82013 -50.77471 -61.12429 -73.49012 -87.25529 -99.59122 -101.4571 -67.68933 59.98446 353.2287 703.4925 789.8574 515.7657 103.6047 -108.3706 -147.8892 -190.6499 -292.0981 -403.1252 -431.3885 -380.6726 -305.5769 -236.6425 -181.8771 -140.5172 -109.7175 -86.74700 -69.43822 -74.16460 -78.38437 -82.06869 -85.19240 -87.73416 -89.67660 -91.00647 -91.71466 -91.79636 -91.25098 -90.08228 -88.29823 -85.91100 -82.93691 -79.39628
-59.94411 -64.35267 -68.27145 -71.67067 -74.52441 -76.81099 -78.51299 -79.61746 -80.11598 -80.00478 -79.28470 -77.96121 -76.04439 -73.54881 -70.49350 -66.90169 -62.80070 -58.22179 -53.19975 -65.05974 -80.15276 -99.05512 -121.4822 -143.8754 -152.3665 -107.2007 53.67327 261.3251 272.9930 19.28818 -354.7621 -598.4827 -693.3320 -712.0724 -681.8311 -610.2773 -506.5194 -396.2964 -301.4963 -228.1755 -173.8480 -134.0447 -104.7732 -83.03709 -66.68847 -71.41084 -75.64539 -79.36322 -82.53893 -85.15079 -87.18100 -88.61567 -89.44500 -89.66333 -89.26918 -88.26523 -86.65833 -84.45947 -81.68367 -78.34988
-58.17247 -62.65652 -66.66371 -70.16356 -73.12941 -75.53870 -77.37311 -78.61865 -79.26587 -79.30981 -78.75017 -77.59119 -75.84168 -73.51498 -70.62878 -67.20508 -63.26987 -58.85317 -53.98854 -66.63380 -83.32812 -105.5978 -135.4047 -174.7023 -223.4708 -274.1965 -309.2585 -340.3723 -418.0636 -544.4095 -680.1283 -765.6165 -795.4033 -773.7700 -700.1199 -588.6962 -466.6307 -357.3803 -270.5381 -205.4159 -157.5711 -122.4587 -96.48813 -77.06958 -62.35640 -66.94726 -71.08081 -74.72880 -77.86632 -80.47194 -82.52785 -84.02001 -84.93822 -85.27623 -85.03171 -84.20634 -82.80576 -80.83952 -78.32108 -75.26761
-54.92924 -59.34112 -63.30135 -66.77985 -69.75009 -72.18951 -74.07951 -75.40572 -76.15805 -76.33078 -75.92258 -74.93655 -73.38023 -71.26543 -68.60825 -65.42894 -61.75166 -57.60443 -53.01878 -65.54806 -82.28895 -105.0777 -136.6775 -181.1003 -243.6084 -329.0437 -436.0613 -548.6492 -637.5554 -682.2777 -688.4925 -676.1282 -653.8005 -612.9718 -546.5959 -460.8488 -370.9895 -290.4032 -224.9160 -174.4125 -136.3003 -107.6574 -86.03142 -69.53543 -56.83971 -61.18159 -65.10555 -68.58476 -71.59547 -74.11713 -76.13246 -77.62775 -78.59276 -79.02090 -78.90924 -78.25856 -77.07330 -75.36154 -73.13499 -70.40884
-50.57806 -54.78181 -58.56861 -61.90969 -64.77959 -67.15648 -69.02228 -70.36276 -71.16775 -71.43111 -71.15083 -70.32905 -68.97202 -67.09008 -64.69754 -61.81262 -58.45725 -54.65701 -50.44078 -62.02829 -77.38298 -98.08272 -126.4113 -165.5288 -219.1884 -289.9462 -374.2564 -456.6793 -514.5524 -535.2070 -525.3211 -501.1230 -471.2334 -433.9379 -386.4910 -331.1842 -274.3089 -222.0134 -177.6565 -141.8400 -113.6506 -91.69447 -74.60903 -61.24569 -50.71535 -54.71883 -58.34854 -61.57965 -64.39012 -66.76074 -68.67532 -70.12077 -71.08722 -71.56808 -71.56006 -71.06321 -70.08093 -68.61992 -66.69017 -64.30485
-45.53109 -49.42166 -52.93610 -56.04766 -58.73267 -60.97068 -62.74468 -64.04115 -64.85022 -65.16576 -64.98533 -64.31033 -63.14588 -61.50086 -59.38778 -56.82273 -53.82521 -50.41807 -46.62720 -56.70866 -69.77694 -86.89646 -109.4451 -139.0314 -176.9943 -223.1137 -273.5294 -319.7092 -351.6034 -363.9283 -359.1046 -343.6052 -322.1227 -295.9284 -265.2529 -231.4464 -197.0803 -164.7692 -136.2444 -112.1355 -92.31435 -76.23735 -63.28677 -52.86108 -44.43498 -48.04313 -51.32311 -54.25249 -56.81129 -58.98200 -60.74979 -62.10262 -63.03121 -63.52924 -63.59330 -63.22295 -62.42073 -61.19211 -59.54549 -57.49210
-40.19733 -43.70937 -46.88874 -49.71128 -52.15547 -54.20274 -55.83749 -57.04728 -57.82291 -58.15847 -58.05141 -57.50254 -56.51604 -55.09942 -53.26346 -51.02214 -48.39251 -45.39458 -42.05117 -50.38979 -60.87286 -74.08503 -90.66190 -111.1406 -135.5937 -163.0555 -190.9694 -215.3704 -232.2879 -239.6603 -238.0770 -229.7157 -216.6833 -200.3100 -181.4810 -161.1894 -140.6248 -120.9458 -102.9966 -87.21282 -73.69816 -62.30492 -52.79852 -44.89549 -38.34349 -41.53199 -44.43679 -47.03804 -49.31798 -51.26102 -52.85390 -54.08574 -54.94810 -55.43513 -55.54347 -55.27239 -54.62376 -53.60197 -52.21404 -50.46943
-34.92858 -38.03527 -40.85248 -43.35878 -45.53509 -47.36486 -48.83415 -49.93179 -50.64941 -50.98156 -50.92570 -50.48228 -49.65466 -48.44912 -46.87487 -44.94387 -42.67081 -40.07302 -37.17023 -43.79171 -51.83373 -61.54901 -73.13871 -86.63374 -101.7307 -117.5986 -132.8265 -145.6649 -154.5627 -158.7031 -158.1698 -153.6791 -146.1355 -136.3710 -125.0984 -112.9905 -100.6718 -88.69335 -77.47552 -67.28368 -58.23678 -50.33307 -43.52076 -37.67291 -32.68693 -35.45966 -37.99018 -40.26118 -42.25715 -43.96447 -45.37146 -46.46853 -47.24816 -47.70504 -47.83604 -47.64029 -47.11909 -46.27603 -45.11686 -43.64948
-29.98009 -32.68520 -35.14154 -37.33044 -39.23523 -40.84142 -42.13679 -43.11147 -43.75803 -44.07158 -44.04971 -43.69260 -43.00297 -41.98605 -40.64959 -39.00378 -37.06111 -34.83639 -32.34654 -37.44313 -43.41195 -50.32547 -58.18134 -66.84769 -76.00609 -85.11040 -93.43656 -100.2226 -104.8526 -107.0014 -106.6718 -104.1122 -99.72575 -93.95970 -87.26161 -80.03380 -72.62471 -65.31213 -58.31050 -51.76918 -45.77864 -40.37841 -35.57327 -31.33069 -27.61364 -29.99506 -32.17159 -34.12835 -35.85197 -37.33070 -38.55441 -39.51477 -40.20519 -40.62098 -40.75928 -40.61915 -40.20156 -39.50934 -38.54724 -37.32182
-25.49491 -27.82304 -29.93941 -31.82794 -33.47422 -34.86576 -35.99194 -36.84420 -37.41606 -37.70316 -37.70331 -37.41652 -36.84496 -35.99299 -34.86710 -33.47584 -31.82981 -29.94155 -27.82540 -31.65192 -35.97927 -40.78949 -46.01497 -51.50342 -57.01762 -62.23429 -66.79251 -70.36449 -72.70596 -73.69966 -73.34780 -71.76341 -69.13809 -65.70376 -61.70775 -57.37252 -52.89572 -48.41275 -44.04070 -39.86024 -35.92283 -32.27532 -28.92804 -25.89646 -23.16442 -25.19065 -27.04481 -28.71423 -30.18749 -31.45455 -32.50674 -33.33687 -33.93928 -34.30985 -34.44605 -34.34695 -34.01322 -33.44715 -32.65260 -31.63500
-21.53892 -23.52599 -25.33402 -26.94924 -28.35936 -29.55364 -30.52301 -31.26008 -31.75924 -32.01669 -32.03048 -31.80050 -31.32849 -30.61806 -29.67460 -28.50530 -27.11906 -25.52643 -23.73953 -26.56145 -29.64318 -32.93672 -36.36618 -39.80898 -43.10588 -46.07984 -48.55495 -50.39133 -51.49897 -51.84870 -51.46094 -50.39620 -48.75771 -46.66772 -44.25370 -41.63818 -38.91716 -36.16442 -33.43475 -30.77205 -28.20375 -25.76028 -23.46102 -21.31802 -19.33831 -21.05092 -22.61975 -24.03405 -25.28418 -26.36159 -27.25892 -27.97005 -28.49012 -28.81557 -28.94417 -28.87506 -28.60871 -28.14693 -27.49287 -26.65102
-18.11747 -19.80408 -21.33996 -22.71344 -23.91405 -24.93266 -25.76151 -26.39431 -26.82623 -27.05399 -27.07585 -26.89164 -26.50278 -25.91221 -25.12443 -24.14545 -22.98270 -21.64504 -20.14264 -22.19131 -24.35361 -26.58269 -28.80753 -30.94390 -32.89331 -34.56087 -35.86493 -36.75179 -37.19573 -37.20425 -36.80522 -36.04253 -34.97296 -33.66343 -32.18063 -30.58855 -28.92723 -27.23880 -25.53937 -23.84966 -22.18875 -20.56800 -19.00412 -17.50712 -16.09230 -17.53347 -18.85486 -20.04746 -21.10311 -22.01461 -22.77572 -23.38126 -23.82707 -24.11012 -24.22848 -24.18133 -23.96900 -23.59293 -23.05570 -22.36098
-18.79520 -20.53769 -22.12388 -23.54169 -24.78033 -25.83039 -26.68385 -27.33423 -27.77659 -28.00755 -28.02535 -27.82987 -27.42258 -26.80659 -25.98658 -24.96881 -23.76100 -22.37236 -20.81345 -22.85421 -24.98765 -27.15975 -29.29112 -31.28964 -33.05017 -34.47550 -35.48837 -36.04949 -36.15759 -35.85394 -35.20335 -34.28336 -33.17317 -31.94603 -30.65703 -29.34360 -28.00982 -26.66132 -25.28271 -23.87326 -22.44133 -20.99598 -19.55772 -18.14348 -16.77695 -18.27174 -19.64173 -20.87753 -21.97072 -22.91383 -23.70042 -24.32511 -24.78362 -25.07285 -25.19080 -25.13667 -24.91084 -24.51484 -23.95137 -23.22429
-19.34454 -21.13102 -22.75667 -24.20913 -25.47735 -26.55167 -27.42391 -28.08744 -28.53721 -28.76979 -28.78342 -28.57799 -28.15506 -27.51786 -26.67122 -25.62161 -24.37700 -22.94686 -21.34209 -23.36098 -25.45100 -27.55128 -29.57463 -31.42165 -32.98126 -34.15462 -34.86939 -35.10093 -34.87246 -34.25871 -33.36100 -32.29000 -31.14677 -30.01041 -28.92401 -27.89819 -26.90108 -25.90171 -24.85333 -23.73378 -22.54062 -21.28055 -19.97772 -18.65590 -17.34700 -18.88521 -20.29442 -21.56499 -22.68826 -23.65654 -24.46322 -25.10279 -25.57088 -25.86431 -25.98105 -25.92031 -25.68252 -25.26928 -24.68343 -23.92897
-19.76174 -21.58000 -23.23401 -24.71120 -26.00032 -27.09157 -27.97663 -28.64878 -29.10289 -29.33551 -29.34486 -29.13089 -28.69521 -28.04115 -27.17367 -26.09939 -24.82647 -23.36461 -21.72493 -23.70818 -25.74049 -27.75461 -29.65611 -31.33901 -32.68706 -33.60043 -34.01221 -33.91259 -33.34912 -32.42946 -31.29077 -30.07607 -28.90761 -27.86979 -26.99342 -26.26221 -25.60857 -24.96517 -24.25419 -23.43217 -22.48593 -21.41974 -20.26125 -19.04088 -17.79855 -19.36967 -20.80848 -22.10514 -23.25080 -24.23764 -25.05891 -25.70900 -26.18347 -26.47909 -26.59382 -26.52689 -26.27876 -25.85111 -25.24687 -24.47018
-20.04395 -21.88156 -23.55264 -25.04447 -26.34570 -27.44642 -28.33825 -29.01442 -29.46976 -29.70083 -29.70585 -29.48480 -29.03934 -28.37289 -27.49049 -26.39888 -25.10635 -23.62276 -21.95937 -23.89342 -25.85415 -27.76834 -29.53502 -31.04230 -32.16957 -32.81671 -32.92270 -32.49260 -31.59797 -30.37868 -29.00679 -27.65668 -26.47098 -25.53879 -24.87842 -24.44683 -24.14113 -23.85809 -23.48936 -22.97050 -22.27764 -21.41262 -20.40638 -19.29579 -18.12852 -19.72182 -21.18040 -22.49429 -23.65453 -24.65318 -25.48343 -26.13959 -26.61720 -26.91298 -27.02493 -26.95226 -26.69548 -26.25635 -25.63786 -24.84423
-20.18923 -22.03365 -23.71038 -25.20666 -26.51110 -27.61377 -28.50629 -29.18186 -29.63534 -29.86327 -29.86392 -29.63730 -29.18511 -28.51081 -27.61952 -26.51804 -25.21473 -23.71953 -22.04381 -23.91545 -25.79120 -27.59239 -29.21217 -30.53353 -31.43233 -31.80882 -31.60830 -30.85065 -29.63097 -28.12038 -26.52466 -25.04837 -23.85353 -23.03333 -22.59349 -22.46446 -22.50879 -22.58804 -22.56408 -22.35192 -21.91717 -21.25923 -20.41211 -19.41889 -18.33466 -19.93925 -21.40763 -22.72978 -23.89667 -24.90031 -25.73386 -26.39162 -26.86910 -27.16304 -27.27142 -27.19352 -26.92986 -26.48223 -25.85371 -25.04858
-20.19660 -22.03523 -23.70615 -25.19666 -26.49540 -27.59250 -28.47960 -29.14995 -29.59846 -29.82171 -29.81799 -29.58734 -29.13151 -28.45398 -27.55989 -26.45606 -25.15087 -23.65428 -21.97766 -23.77411 -25.55207 -27.22796 -28.68976 -29.81619 -30.48038 -30.58365 -30.07797 -28.99796 -27.46156 -25.67000 -23.86134 -22.26896 -21.07313 -20.37053 -20.15421 -20.32864 -20.72268 -21.16368 -21.48466 -21.58065 -21.40699 -20.96062 -20.27840 -19.40934 -18.41554 -20.02047 -21.48863 -22.81000 -23.97556 -24.97734 -25.80851 -26.46337 -26.93746 -27.22754 -27.33163 -27.24902 -26.98027 -26.52721 -25.89295 -25.08181
-20.06601 -21.88629 -23.53999 -25.01454 -26.29871 -27.38274 -28.25837 -28.91893 -29.35941 -29.57644 -29.56837 -29.33528 -28.87892 -28.20278 -27.31199 -26.21335 -24.91521 -23.42745 -21.76139 -23.47037 -25.13840 -26.67753 -27.97139 -28.89518 -29.32021 -29.14956 -28.34218 -26.94719 -25.10456 -23.04426 -21.03502 -19.33743 -18.14878 -17.56858 -17.57727 -18.05394 -18.79502 -19.59476 -20.25848 -20.66197 -20.75057 -20.51882 -20.00617 -19.26720 -18.37064 -19.96493 -21.42284 -22.73441 -23.89069 -24.88376 -25.70686 -26.35435 -26.82181 -27.10606 -27.20514 -27.11838 -26.84638 -26.39099 -25.75532 -24.94371
