Fortran/gravity_magnetic/Console3/expand_2D.grd
DSAA
          64          64
         -63          63
         -63          63
  -322.1033       850.9742    
[rows 0 to 25 of 64, columns 0 to 59 of 64]
-8.161367 -8.164602 -8.163578 -8.154717 -8.138616 -8.115799 -8.086349 -8.049932 -8.005890 -7.953210 -7.890487 -7.815736 -7.726218 -7.617972 -7.485254 -7.319142 -7.105717 -6.823026 -6.443545 -5.930524 -5.222708 -4.253562 -2.966519 -1.320532 0.6996179 3.070024 5.714219 8.495239 11.21858 13.64979 15.54666 16.70001 16.97317 16.32952 14.84036 12.67067 10.04672 7.214375 4.400182 1.783118 -0.5177522 -2.441583 -3.974570 -5.135697 -5.962260 -6.516620 -6.892681 -7.163259 -7.367564 -7.527484 -7.655731 -7.760457 -7.846956 -7.918955 -7.979036 -8.029119 -8.070555 -8.104342 -8.131112 -8.151215
-7.750632 -7.767016 -7.776116 -7.771100 -7.755589 -7.731475 -7.699467 -7.659362 -7.610548 -7.551860 -7.481723 -7.397767 -7.296774 -7.173850 -7.021832 -6.828758 -6.574887 -6.225884 -5.748020 -5.120395 -4.287079 -3.178501 -1.737124 7.7708721E-02 2.278934 4.838524 7.673418 10.63762 13.52524 16.08922 18.07506 19.26371 19.51293 18.78627 17.16111 14.81341 11.98341 8.931726 5.898332 3.072897 0.5819116 -1.509415 -3.184947 -4.462075 -5.375082 -5.985970 -6.398419 -6.694446 -6.917727 -7.092469 -7.232604 -7.347043 -7.441549 -7.520178 -7.585728 -7.640271 -7.685244 -7.721686 -7.750156 -7.770802
-7.263258 -7.296822 -7.319240 -7.319408 -7.304980 -7.279692 -7.245085 -7.201145 -7.147332 -7.082325 -7.004370 -6.910657 -6.797446 -6.658734 -6.485681 -6.262537 -5.962106 -5.533990 -4.936499 -4.169269 -3.183289 -1.904865 -0.2749763 1.746768 4.170629 6.963586 10.03448 13.22605 16.31824 19.04809 21.14551 22.37883 22.59873 21.76891 19.97435 17.40495 14.31869 10.99481 7.690131 4.607571 1.882751 -0.4138472 -2.263369 -3.681302 -4.698054 -5.375135 -5.828816 -6.152937 -6.396806 -6.587458 -6.740256 -6.864999 -6.967965 -7.053579 -7.124870 -7.184082 -7.232738 -7.271911 -7.302057 -7.323061
-6.746345 -6.797992 -6.834735 -6.840700 -6.827606 -6.801184 -6.763890 -6.715941 -6.656881 -6.585223 -6.499013 -6.394979 -6.268782 -6.113216 -5.917545 -5.661844 -5.310732 -4.796853 -4.070340 -3.152029 -2.000395 -0.5376291 1.296875 3.543202 6.208712 9.254944 12.58190 16.02012 19.33407 22.24361 24.46180 25.74343 25.93152 24.98994 23.01197 20.20251 16.83864 13.21971 9.620761 6.259199 3.280589 0.7611909 -1.277115 -2.847696 -3.976924 -4.726023 -5.224584 -5.579121 -5.845148 -6.052831 -6.219135 -6.354821 -6.466746 -6.559738 -6.637073 -6.701183 -6.753683 -6.795685 -6.827521 -6.848784
-6.225546 -6.295200 -6.346333 -6.358203 -6.346484 -6.318877 -6.278770 -6.226610 -6.162027 -6.083362 -5.988441 -5.873500 -5.733560 -5.560142 -5.340509 -5.050407 -4.646111 -4.043311 -3.184030 -2.110074 -0.7874510 0.8656037 2.911220 5.389080 8.303514 11.61041 15.20068 18.89230 22.43396 25.52796 27.87013 29.20136 29.35692 28.30085 26.13480 23.07903 19.43020 15.50825 11.60688 7.958280 4.718279 1.969157 -0.2640085 -1.992360 -3.238253 -4.062750 -4.608802 -4.995711 -5.285367 -5.511209 -5.691892 -5.839215 -5.960647 -6.061444 -6.145163 -6.214434 -6.270972 -6.315931 -6.349523 -6.371031
-5.716325 -5.803456 -5.868596 -5.886207 -5.875742 -5.846823 -5.803722 -5.747128 -5.676725 -5.590677 -5.486577 -5.360139 -5.205722 -5.013536 -4.768810 -4.442954 -3.984011 -3.291118 -2.298410 -1.068011 0.4266808 2.271196 4.529050 7.239439 10.40357 13.97163 17.82538 21.77027 25.53925 28.81712 31.28274 32.66334 32.78647 31.61638 29.26310 25.96201 22.02909 17.80461 13.60087 9.664858 6.162697 3.182785 0.7534883 -1.134050 -2.498263 -3.400103 -3.995579 -4.416543 -4.731227 -4.976363 -5.172346 -5.332037 -5.463560 -5.572628 -5.663091 -5.737801 -5.798585 -5.846653 -5.882101 -5.903916
-5.229039 -5.332932 -5.411481 -5.434511 -5.425102 -5.394685 -5.348392 -5.287106 -5.210573 -5.116750 -5.002983 -4.864452 -4.694832 -4.483015 -4.212200 -3.849562 -3.335135 -2.552096 -1.426947 -4.1357279E-02 1.624159 3.658700 6.127042 9.067793 12.47902 16.30520 20.41910 24.61378 28.60682 32.06593 34.65329 36.08270 36.17424 34.89232 32.35510 28.81275 24.60020 20.07775 15.57582 11.35593 7.594380 4.385660 1.761475 -0.2847438 -1.767603 -2.747962 -3.394434 -3.851010 -4.192107 -4.457709 -4.669956 -4.842797 -4.985036 -5.102868 -5.200461 -5.280907 -5.346164 -5.397508 -5.434946 -5.457180
-4.772158 -4.891903 -4.983095 -5.011126 -5.002508 -4.970375 -4.920659 -4.854417 -4.771425 -4.669424 -4.545490 -4.394255 -4.208692 -3.976393 -3.678564 -3.278276 -2.707885 -1.835338 -0.5798486 0.9583678 2.792022 5.013548 7.688849 10.85586 14.50948 18.58855 22.95698 27.39578 31.60751 35.24332 37.94933 39.42647 39.48756 38.09721 35.38143 31.60468 27.12007 22.30712 17.51394 13.01621 9.000238 5.566545 2.750194 0.5469208 -1.054189 -2.113900 -2.812840 -3.306608 -3.675570 -3.962889 -4.192438 -4.379273 -4.532896 -4.660015 -4.765145 -4.851634 -4.921601 -4.976401 -5.015978 -5.038779
-4.353180 -4.487761 -4.590714 -4.623269 -4.615129 -4.581041 -4.527658 -4.456185 -4.366389 -4.255792 -4.121162 -3.956592 -3.754326 -3.500674 -3.174896 -2.736130 -2.109435 -1.148353 0.2348225 1.922451 3.920880 6.325672 9.203724 12.59221 16.48285 20.80894 25.42573 30.10252 34.52736 38.33545 41.15734 42.68150 42.71379 41.21897 38.33053 34.32663 29.57798 24.48275 19.40606 14.63731 10.37254 6.718259 3.712897 1.354492 -0.3643447 -1.504287 -2.257307 -2.790005 -3.188441 -3.498854 -3.746837 -3.948568 -4.114288 -4.251241 -4.364322 -4.457167 -4.532074 -4.590511 -4.632375 -4.655897
-3.979353 -4.127598 -4.241320 -4.277859 -4.269876 -4.233587 -4.176288 -4.099304 -4.002368 -3.882744 -3.736885 -3.558304 -3.338525 -3.062583 -2.707838 -2.229685 -1.546307 -0.4977624 1.010167 2.843740 5.003438 7.587727 10.66436 14.26966 18.39219 22.95972 27.81900 32.72794 37.36047 41.33639 44.27134 45.84190 45.84723 44.25221 41.19751 36.97439 31.97028 26.60115 21.24861 16.21544 11.70724 7.836472 4.644972 2.133068 0.2967077 -0.9247192 -1.733811 -2.307495 -2.737245 -3.072294 -3.339955 -3.557564 -3.736127 -3.883480 -4.004933 -4.104441 -4.184519 -4.246769 -4.291067 -4.315474
-3.658241 -3.818903 -3.942327 -3.982283 -3.974121 -3.935383 -3.873938 -3.791173 -3.686758 -3.557669 -3.400015 -3.206713 -2.968535 -2.669249 -2.284370 -1.765728 -1.025060 0.1100799 1.740031 3.716418 6.034450 8.795321 12.06755 15.88655 20.23769 25.04325 30.14158 35.27935 40.11676 44.25854 47.30580 48.92345 48.90415 47.21281 43.99691 39.56032 34.30677 28.66961 23.04646 17.75317 13.00484 8.919925 5.543703 2.878758 0.9241278 -0.3808361 -1.248627 -1.865830 -2.329072 -2.690520 -2.979239 -3.213770 -3.405963 -3.564284 -3.694514 -3.800974 -3.886417 -3.952617 -3.999472 -4.024903
-3.397997 -3.569706 -3.701696 -3.744480 -3.735828 -3.694419 -3.628620 -3.539831 -3.427613 -3.288631 -3.118608 -2.909826 -2.652276 -2.328452 -1.912044 -1.351489 -0.5525142 0.6688126 2.418574 4.535465 7.010160 9.946445 13.41359 17.44606 22.02602 27.07018 32.40840 37.77605 42.81950 47.12848 50.28967 51.95653 51.91516 50.13043 46.75647 42.10945 36.60899 30.70547 24.81252 19.25921 14.27026 9.970292 6.408131 3.588560 1.513323 0.1215329 -0.8084973 -1.472377 -1.971698 -2.361558 -2.672854 -2.925419 -3.132036 -3.301878 -3.441259 -3.554909 -3.645872 -3.716120 -3.765615 -3.792177
-3.208416 -3.389771 -3.529167 -3.574228 -3.564802 -3.520557 -3.450234 -3.355213 -3.234894 -3.085597 -2.902606 -2.677536 -2.399535 -2.049787 -1.600153 -0.9958089 -0.1368728 1.171079 3.039589 5.296308 7.928309 11.04204 14.70764 18.95876 23.77437 29.06544 34.65305 40.26069 45.52035 50.00599 53.28916 55.01110 54.95097 53.07338 49.53909 44.67682 38.92270 32.74494 26.57377 20.75205 15.51467 10.99274 7.238736 4.259438 2.058715 0.5750133 -0.4220309 -1.136536 -1.674998 -2.095540 -2.431038 -2.702779 -2.924586 -3.106452 -3.255288 -3.376298 -3.472862 -3.547182 -3.599328 -3.627071
-3.101488 -3.291023 -3.436665 -3.483500 -3.473097 -3.425920 -3.350992 -3.249599 -3.120942 -2.960954 -2.764421 -2.522230 -2.222598 -1.845335 -1.360405 -0.7097923 0.2116634 1.607919 3.595786 5.994135 8.787649 12.08577 15.95996 20.44342 25.51209 31.07096 36.93152 42.80415 48.30456 52.98890 56.41157 58.19997 58.12514 56.15103 52.44558 47.35133 41.32257 34.84721 28.37416 22.26182 16.75641 11.99616 8.037212 4.887877 2.553164 0.9700218 -0.1003681 -0.8703812 -1.451545 -1.905269 -2.266679 -2.558704 -2.796406 -2.990704 -3.149213 -3.277660 -3.379808 -3.458145 -3.512859 -3.541740
-3.094086 -3.290413 -3.441296 -3.489573 -3.478157 -3.428102 -3.348592 -3.240782 -3.103629 -2.932625 -2.721999 -2.461826 -2.139285 -1.732672 -1.209916 -0.5097642 0.4780354 1.966175 4.076781 6.622484 9.587292 13.08457 17.18825 21.93209 27.28960 33.15961 39.34270 45.53348 51.32756 56.25857 59.85861 61.73682 61.65326 59.57047 55.66495 50.29655 43.94256 37.11589 30.28868 23.83835 18.02461 12.99362 8.804912 5.467142 2.984660 1.291288 0.1393384 -0.6920581 -1.319937 -1.809480 -2.198462 -2.511779 -2.765928 -2.972911 -3.141145 -3.276965 -3.384556 -3.466705 -3.523771 -3.553587
-3.210817 -3.412727 -3.568165 -3.617912 -3.605738 -3.553059 -3.469156 -3.355021 -3.209323 -3.027084 -2.801890 -2.522905 -2.176098 -1.738060 -1.174392 -0.4203677 0.6394304 2.225854 4.466625 7.171237 10.32543 14.04846 18.41921 23.47437 29.18674 35.44914 42.04926 48.66103 54.85220 60.12385 63.97530 65.98807 65.90500 63.68565 59.51866 53.78896 47.00707 39.72170 32.43787 25.55899 19.36207 14.00209 9.540674 5.984186 3.332888 1.514342 0.2704593 -0.6291452 -1.308048 -1.836007 -2.254038 -2.589398 -2.860290 -3.079977 -3.257788 -3.400719 -3.513427 -3.599024 -3.658043 -3.688374
-3.493332 -3.700485 -3.860851 -3.912880 -3.900705 -3.845997 -3.758122 -3.637934 -3.483806 -3.290249 -3.050136 -2.751581 -2.379145 -1.907387 -1.299107 -0.4854724 0.6547474 2.350693 4.736294 7.621076 10.99608 14.99076 19.69434 25.15196 31.34018 38.14766 45.34658 52.58156 59.37715 65.18098 69.43607 71.67503 71.60953 69.19257 64.63295 58.35838 50.93632 42.97532 35.03319 27.55254 20.83378 15.04079 10.23326 6.409051 3.557406 1.593568 0.2452244 -0.7300465 -1.464196 -2.032799 -2.480910 -2.838635 -3.126190 -3.358276 -3.545234 -3.694788 -3.812084 -3.900549 -3.960867 -3.990950
-4.015404 -4.230072 -4.398426 -4.455173 -4.444592 -4.388899 -4.297758 -4.172005 -4.009759 -3.805002 -3.549807 -3.231107 -2.831769 -2.323882 -1.666672 -0.7859081 0.4474819 2.272926 4.831346 7.934020 11.58254 15.92601 21.07561 27.09717 33.98201 41.62141 49.77007 58.02832 65.84694 72.57564 77.54987 80.20594 80.19216 77.44701 72.21790 65.01585 56.51743 47.44310 38.44533 30.03153 22.53468 16.12401 10.84610 6.676129 3.578122 1.442962 -2.3982942E-02 -1.082203 -1.875067 -2.485683 -2.964112 -3.343856 -3.647449 -3.891192 -4.086528 -4.241929 -4.363036 -4.453543 -4.514219 -4.542835
-4.913353 -5.146843 -5.333103 -5.399784 -5.393539 -5.338444 -5.245092 -5.114517 -4.944708 -4.729106 -4.458956 -4.119803 -3.692559 -3.146209 -2.435377 -1.478076 -0.1328611 1.858754 4.646814 8.034361 12.04276 16.86333 22.65345 29.52617 37.51379 46.53014 56.31627 66.40405 76.11006 84.59073 90.95828 94.44328 94.55605 91.20150 84.70808 75.76346 65.27332 54.18674 43.33884 33.35028 24.59750 17.23956 11.28098 6.642184 3.232678 0.8951674 -0.7040505 -1.850698 -2.703889 -3.356316 -3.864058 -4.264521 -4.582803 -4.836915 -5.039448 -5.199602 -5.323465 -5.414925 -5.474674 -5.500082
-6.335793 -6.611408 -6.833424 -6.917984 -6.919949 -6.867535 -6.773357 -6.638952 -6.462427 -6.236640 -5.952051 -5.592556 -5.136928 -4.550220 -3.781323 -2.737149 -1.257156 0.9533391 4.057283 7.819892 12.29711 17.76187 24.45789 32.59229 42.28928 53.53191 66.07033 79.34203 92.43204 104.1319 113.1115 118.1829 118.5705 114.1066 105.2828 93.14468 79.05801 64.41887 50.40126 37.81273 27.07498 18.29386 11.37105 6.112145 2.321445 -0.2449694 -1.984469 -3.220454 -4.132191 -4.823769 -5.358068 -5.776695 -6.107422 -6.369970 -6.578034 -6.741489 -6.866764 -6.957825 -7.015055 -7.035007
-8.319855 -8.660362 -8.936905 -9.048431 -9.063122 -9.015862 -8.922525 -8.785549 -8.603445 -8.368508 -8.070457 -7.691356 -7.207621 -6.579610 -5.749286 -4.609061 -2.972462 -0.4938469 3.001252 7.209355 12.23516 18.47627 26.31209 36.10784 48.15948 62.60684 79.27695 97.51558 116.0635 133.0985 146.5021 154.3180 155.2396 148.9574 136.2549 118.8296 98.88069 78.59284 59.69999 43.27180 29.73802 19.05774 10.92603 4.944316 0.7429142 -2.054530 -3.928739 -5.246751 -6.210056 -6.934727 -7.490559 -7.923257 -8.263139 -8.531469 -8.742907 -8.907852 -9.032934 -9.122032 -9.174885 -9.186802
-10.86713 -11.29362 -11.64282 -11.79057 -11.82280 -11.78338 -11.69276 -11.55470 -11.36847 -11.12582 -10.81588 -10.41867 -9.908187 -9.239384 -8.346308 -7.103837 -5.293885 -2.508716 1.430545 6.118134 11.71915 18.79816 27.92430 39.70077 54.71128 73.40338 95.83383 121.3342 148.1957 173.6263 194.1638 206.5051 208.4037 199.2903 180.4419 154.6840 125.6613 96.88967 70.97092 49.28369 32.14008 19.16870 9.690719 2.979353 -1.593537 -4.584583 -6.567083 -7.948173 -8.949203 -9.696652 -10.26632 -10.70725 -11.05186 -11.32256 -11.53469 -11.69897 -11.82204 -11.90740 -11.95392 -11.95500
-13.98936 -14.52454 -14.96530 -15.15876 -15.21329 -15.18447 -15.09853 -14.96107 -14.77245 -14.52398 -14.20433 -13.79145 -13.25692 -12.54978 -11.59549 -10.24881 -8.255377 -5.135351 -0.7170019 4.448279 10.59350 18.49011 28.95026 42.90546 61.38115 85.36951 115.4518 151.1809 190.3565 228.7087 260.5173 280.1568 283.7737 270.3434 241.9398 203.2858 160.5027 119.3283 83.65651 55.12437 33.62527 18.12737 7.326020 6.5088272E-03 -4.811831 -7.909604 -9.947956 -11.35901 -12.37594 -13.13114 -13.70407 -14.14562 -14.48942 -14.75833 -14.96806 -15.12923 -15.24827 -15.32810 -15.36626 -15.35379
-17.68118 -18.34851 -18.90001 -19.14828 -19.22970 -19.21404 -19.13475 -18.99969 -18.81069 -18.55871 -18.23228 -17.80721 -17.25286 -16.51220 -15.50176 -14.05438 -11.87561 -8.404917 -3.493584 2.109181 8.704862 17.30200 28.99518 45.12490 67.32712 97.45699 137.1089 186.5812 243.3474 301.0010 350.0982 381.1170 387.5998 367.7867 324.9402 266.8261 203.7234 145.0247 96.43768 59.55634 33.24897 15.29855 3.443393 -4.192485 -9.025593 -12.08697 -14.10022 -15.49324 -16.49605 -17.23929 -17.80221 -18.23511 -18.57153 -18.83393 -19.03778 -19.19320 -19.30614 -19.37859 -19.40654 -19.37799
-21.89920 -22.72040 -23.39981 -23.71071 -23.82271 -23.82240 -23.75153 -23.62066 -23.43353 -23.18082 -22.85118 -22.41851 -21.85033 -21.08361 -20.02633 -18.48838 -16.13313 -12.31320 -6.921761 -0.9617205 5.928999 15.00873 27.66254 45.67276 71.40388 107.8910 158.3866 224.8566 305.0777 389.8541 463.8826 511.4631 522.3291 493.6879 430.3040 344.3950 252.9044 171.0037 106.6714 60.65401 29.78335 9.974033 -2.328479 -9.788651 -14.29552 -17.12207 -19.00261 -20.31610 -21.26767 -21.97539 -22.51279 -22.92656 -23.24833 -23.49906 -23.69332 -23.84028 -23.94508 -24.00855 -24.02471 -23.97807
-26.54413 -27.53461 -28.35355 -28.73180 -28.87666 -28.89301 -28.83197 -28.70710 -28.52413 -28.27384 -27.94523 -27.51066 -26.93642 -26.15396 -25.06381 -23.45350 -20.94452 -16.80108 -10.97754 -4.779699 2.201620 11.46607 24.65351 43.93130 72.35240 114.2362 175.0007 259.4085 366.8184 485.0932 590.7122 659.3060 675.9507 636.6714 547.5559 426.3405 299.5956 190.7523 110.0349 55.89798 21.91033 1.536564 -10.23105 -16.83363 -20.58228 -22.93408 -24.55539 -25.71881 -26.57754 -27.22382 -27.71899 -28.10246 -28.40203 -28.63581 -28.81674 -28.95263 -29.04741 -29.10054 -29.10384 -29.03805
