Fortran/gravity_magnetic/Console2/BXYZL.GRD
DSAA
27 27
-26 26
-26 26
-5.3 1.7                        
0.15 0 -0.15 -0.3 -0.4 -0.5 -0.6 -0.7 -0.85 -1 
-1.15 -1.3 -1.4 -1.5 -1.6 -1.7 -1.85 -1.8 -1.73 -1.7 
-1.6 -1.5 -1.4 -1.35 -1.3 -1.2 -1.1 

0 -0.2 -0.3 -0.5 -0.6 -0.7 -0.9 -1 -1.15 -1.3 
-1.45 -1.6 -1.75 -1.9 -2 -2.1 -2.3 -2.25 -2.2 -2.1 
-2 -1.8 -1.6 -1.55 -1.5 -1.4 -1.3 

-0.2 -0.4 -0.5 -0.7 -0.85 -1 -1.12 -1.3 -1.45 -1.6 
-1.75 -1.9 -2.1 -2.3 -2.4 -2.5 -2.6 -2.65 -2.5 -2.35 
-2.2 -1.9 -1.75 -1.6 -1.5 -1.4 -0.4 

-0.5 -0.7 -0.9 -1 -1.2 -1.4 -1.6 -1.7 -1.9 -2.1 
-2.3 -2.5 -2.7 -2.8 -2.9 -3 -3 -3 -2.9 -2.8 
-2.5 -2.2 -2 -1.7 -1.6 -1.45 -0.5 

-0.7 -0.85 -1 -1.2 -1.4 -1.6 -1.8 -2 -2.2 -2.4 
-2.6 -2.85 -3.1 -3.3 -3.4 -3.5 -3.45 -3.4 -3.2 -3 
-2.7 -2.5 -2.2 -1.9 -1.7 -1.5 -0.65 

-0.8 -1 -1.2 -1.35 -1.5 -1.7 -1.9 -2.15 -2.4 -2.7 
-2.9 -3.2 -3.4 -3.6 -3.8 -4 -3.95 -3.9 -3.7 -3.5 
-3.1 -2.8 -2.5 -2.1 -1.8 -1.6 -0.8 

-1 -1.15 -1.4 -1.5 -1.7 -1.85 -2.1 -2.3 -2.6 -2.85 
-3.1 -3.4 -3.7 -3.9 -4.1 -4.4 -4.35 -4.3 -4.1 -3.95 
-3.5 -3.1 -2.7 -2.3 -2 -1.7 -0.9 

-0.9 -1.1 -1.3 -1.5 -1.6 -1.8 -2 -2.2 -2.4 -2.6 
-2.8 -3 -3.1 -3.4 -3.7 -3.9 -4.1 -4.15 -4.2 -4.2 
-4.2 -3.7 -3.3 -2.4 -2.45 -2.1 -1.75 

-1 -1.2 -1.4 -1.6 -1.75 -1.9 -2.1 -2.3 -2.5 -2.6 
-2.7 -2.8 -2.9 -3.1 -3.35 -3.6 -3.8 -3.9 -4.1 -4.2 
-4.3 -3.9 -3.5 -2.55 -2.6 -2.2 -1.8 

-1.2 -1.4 -1.55 -1.7 -1.9 -2.1 -2.2 -2.4 -2.6 -2.62 
-2.65 -2.65 -2.7 -2.9 -3 -3.2 -3.4 -3.45 -3.5 -3.65 
-3.8 -3.6 -3.35 -2.9 -2.5 -2.2 -1.75 

-1.4 -1.55 -1.7 -1.85 -2 -2.15 -2.3 -2.5 -2.7 -2.665 
-2.6 -2.65 -2.5 -2.6 -2.7 -2.8 -2.9 -2.95 -3 -3.15 
-3.3 -3.25 -3.2 -2.8 -2.4 -2.15 -1.7 

-1.5 -1.75 -1.85 -2.1 -2.3 -2.5 -2.65 -2.9 -3.1 -3.05 
-3 -2.9 -2.75 -2.8 -2.75 -2.72 -2.7 -2.68 -2.65 -2.7 
-2.7 -2.72 -2.7 -2.5 -2.2 -1.8 -1.5 

-1.6 -1.8 -2 -2.3 -2.45 -2.7 -3 -3.2 -3.4 -3.4 
-3.4 -3.2 -3 -2.9 -2.8 -2.65 -2.5 -2.4 -2.3 -2.25 
-2.2 -2.2 -2.2 -2 -1.85 -1.6 -1.2 

-1.7 -1.95 -2.2 -2.5 -2.72 -3 -3.35 -3.6 -3.9 -3.95 
-4 -3.8 -3.6 -3.2 -2.9 -2.67 -2.4 -2.2 -2 -1.9 
-1.8 -1.75 -1.7 -1.6 -1.5 -1.25 -1 

-1.8 -2.1 -2.4 -2.7 -3 -3.35 -3.7 -4.1 -4.4 -4.5 
-4.6 -4.4 -4.1 -3.6 -3 -2.7 -2.3 -2 -1.75 -1.6 
-1.4 -1.3 -1.2 -1.15 -1.1 -1 -0.8 

-1.95 -2.3 -2.6 -2.9 -3.25 -3.7 -4.2 -4.6 -4.8 -4.85 
-4.9 -4.55 -4.2 -3.65 -3 -2.6 -2.2 -1.9 -1.6 -1.4 
-1.2 -1.05 -0.9 -0.8 -0.75 -0.65 -0.5 

-2.1 -2.4 -2.75 -3.1 -3.5 -4 -4.45 -4.8 -5.2 -5.2 
-5.2 -4.7 -4.3 -3.7 -3 -2.6 -2.1 -1.75 -1.4 -1.15 
-0.9 -0.75 -0.6 -0.5 -0.4 -0.3 -0.2 

-2.2 -2.5 -2.8 -3.2 -3.6 -4.1 -4.6 -4.95 -5.25 -5.1 
-4.95 -4.5 -3.95 -2.9 -2.8 -2.4 -1.95 -1.6 -1.35 -0.9 
-0.8 -0.6 -0.4 -0.2 -0.3 -0.31 -0.3 

-2.25 -2.55 -2.85 -3.25 -3.7 -4.25 -4.8 -5.1 -5.3 -5 
-4.7 -4.15 -3.6 -3.1 -2.6 -2.2 -1.8 -1.55 -1.3 -1 
-0.65 -0.5 -0.2 -0.2 -0.2 -0.3 -0.4 

-2.23 -2.53 -2.83 -3.23 -3.65 -4.1 -4.55 -4.8 -5 -4.7 
-4.35 -3.8 -3.3 -2.8 -2.4 -2 -1.7 -1.45 -1.2 -0.9 
-0.6 -0.55 -0.5 -0.3 0.15 0.17 0.2 

-2.2 -2.5 -2.8 -3.2 -3.6 -3.95 -4.3 -4.5 -4.7 -4.35 
-4 -3.4 -2.85 -2.5 -2.2 -1.9 -1.6 -1.35 -1.1 -0.8 
-0.5 -0.25 0.1 0.3 0.5 0.65 0.8 

-2 -2.3 -2.6 -3 -3.4 -3.8 -4.15 -4.3 -4.4 -4 
-3.55 -3.1 -2.6 -2.3 -1.95 -1.7 -1.4 -1.15 -0.9 -0.62 
-0.35 -0.1 0.25 0.5 0.7 0.85 1 

-1.85 -2.15 -2.45 -2.8 -3.2 -3.6 -4 -4.05 -4.1 -3.6 
-3.1 -2.75 -2.4 -2.05 -1.7 -1.45 -1.2 -0.95 -0.7 -0.45 
-0.2 0.1 0.4 0.65 0.9 1.05 1.2 

-1.8 -2.05 -2.3 -2.65 -3 -3.35 -3.7 -3.67 -3.6 -3.2 
-2.8 -2.4 -2.1 -1.8 -1.55 -1.3 -1 -0.8 -0.55 -0.3 
0 0.3 0.55 0.8 1.05 1.22 1.4 

-1.7 -1.9 -2.1 -2.45 -2.8 -3.1 -3.4 -3.3 -3.2 -2.8 
-2.4 -2.1 -1.8 -1.6 -1.4 -1.1 -0.85 -0.62 -0.4 -0.1 
0.2 0.45 0.7 0.95 1.2 1.4 1.6 

-1.55 -1.75 -1.9 -2.22 -2.55 -2.8 -3.05 -2.9 -2.8 -2.4 
-2.1 -1.85 -1.6 -1.4 -1.15 -0.9 -0.7 -0.45 -0.2 0.05 
0.35 0.6 0.85 1.15 1.3 1.5 1.65 

-1.4 -1.6 -1.75 -2 -2.3 -2.5 -2.7 -2.5 -2.3 -2.05 
-1.8 -1.6 -1.4 -1.15 -0.9 -0.7 -0.5 -0.25 0 0.25 
0.5 0.75 1 1.2 1.4 1.55 1.7 

