Fortran/gravity_magnetic/Console2/output_gra.grd
DSAA
          27          27
  -26.00000       26.00000    
  -26.00000       26.00000    
   5.493486       211.2458    
   5.795241       6.514098       7.318167       8.212742       9.208207    
   10.29632       11.47178       12.70374       13.96054       15.19586    
   16.34445       17.33594       18.10168       18.57783       18.72173    
   18.52240       17.99458       17.18023       16.14048       14.94947    
   13.68121       12.39710       11.14523       9.962957       8.870508    
   7.878746       6.989952    
   6.419723       7.271743       8.239618       9.335058       10.58056    
   11.95556       13.48063       15.10688       16.80319       18.50101    
   20.10656       21.51668       22.61563       23.30731       23.52472    
   23.23940       22.48013       21.31531       19.84713       18.18834    
   16.44877       14.72153       13.07414       11.54402       10.16249    
   8.926050       7.841720    
   7.091341       8.095868       9.257584       10.60713       12.15083    
   13.90842       15.87298       18.03545       20.33771       22.69581    
   24.96955       27.00279       28.61769       29.64187       29.96943    
   29.55605       28.44432       26.75031       24.64029       22.29840    
   19.89045       17.54751       15.36526       13.38436       11.63169    
   10.09748       8.774117    
   7.802461       8.986065       10.38550       12.01929       13.93784    
   16.16404       18.71817       21.58912       24.72995       28.02701    
   31.29338       34.26817       36.67152       38.21455       38.71752    
   38.10337       36.44841       33.94325       30.86884       27.51841    
   24.15419       20.96370       18.06313       15.50185       13.28372    
   11.39218       9.786049    
   8.554608       9.939688       11.59802       13.57479       15.93814    
   18.74158       22.04134       25.84983       30.14536       34.78336    
   39.50617       43.91440       47.52919       49.89478       50.67329    
   49.75039       47.24750       43.49289       38.95621       34.12121    
   29.39419       25.03986       21.19603       17.89539       15.11446    
   12.79185       10.86279    
   9.330986       10.93546       12.88343       15.25165       18.13064    
   21.62923       25.84840       30.87261       36.71173       43.23204    
   50.07935       56.64104       62.13259       65.76587       66.98811    
   65.58807       61.76998       56.09622       49.36042       42.36082    
   35.72174       29.80413       24.74849       20.53784       17.07991    
   14.26174       11.97359    
   10.11306       11.95485       14.21801       17.01281       20.47219    
   24.76920       30.08824       36.61496       44.45285       53.52322    
   63.37845       73.10037       81.39584       86.96140       88.85320    
   86.73638       80.93707       72.39290       62.42886       52.35817    
   43.12305       35.18800       28.63425       23.34641       19.12139    
   15.76102       13.08294    
   10.88201       12.96660       15.55483       18.80328       22.88791    
   28.06203       34.61731       42.88732       53.15432       65.46712    
   79.33023       93.41518       105.6682       113.9642       116.8126    
   113.6901       105.0884       92.49013       78.05337       63.87729    
   51.33624       40.95108       32.66988       26.18497       21.14160    
   17.21902       14.14540    
   11.61685       13.93529       16.85816       20.55649       25.28577    
   31.36098       39.20594       49.32929       62.24886       78.25347    
   96.87742       116.3204       133.5146       145.2259       149.2716    
   144.9027       132.7894       115.0977       95.12234       76.03333    
   59.71062       46.65023       36.55547       28.86386       23.01517    
   18.54469       15.10526    
   12.28338       14.83231       18.07027       22.21136       27.55336    
   34.49382       43.55939       55.42501       70.83661       90.34179    
   113.5788       138.3300       160.4706       175.6068       180.8610    
   175.2444       159.5672       136.6740       111.0908       87.14224    
   67.19366       51.64751       39.91348       31.14669       24.59315    
   19.65456       15.89617    
   12.86256       15.61643       19.14418       23.68872       29.59071    
   37.30175       47.41603       60.68368       77.96613       99.92360    
   126.2446       154.4849       179.8887       197.3283       203.4161    
   196.9309       178.7267       152.1267       122.5467       95.14191    
   72.60561       55.27664       42.35574       32.81124       25.74168    
   20.46438       16.47331    
   13.33153       16.26137       20.03901       24.93448       31.32438    
   39.68998       50.63292       64.87221       83.15485       105.9824    
   132.9083       161.5170       187.2281       204.9922       211.2458    
   204.5051       185.5489       157.8690       127.1090       98.59251    
   75.11874       57.06310       43.61082       33.69377       26.36818    
   20.91002       16.80067    
   13.65711       16.72749       20.70065       25.88688       32.68482    
   41.59621       53.20191       68.08927       86.68839       109.0430    
   134.3659       160.4768       183.7031       199.8596       205.5456    
   199.0006       180.8041       154.3256       124.8899       97.42786    
   74.60648       56.88744       43.58958       33.73172       26.42346    
   20.96804       16.84989    
   13.82840       16.98374       21.09403       26.48642       33.59848    
   42.96118       55.14041       70.56537       89.26274       110.5977    
   133.2521       155.3165       174.3634       187.5361       191.9279    
   185.5841       168.7866       144.5882       117.7634       92.62610    
   71.52831       54.95465       42.37536       32.95949       25.92292    
   20.63572       16.62485    
   13.82005       17.00232       21.16346       26.65705       33.95170    
   43.62234       56.25883       72.19447       91.06105       111.4585    
   131.3370       148.9062       162.9583       172.1725       174.4980    
   168.0339       152.7510       131.2119       107.5195       85.30972    
   66.53912       51.62789       40.16980       31.48757       24.92998    
   19.95339       16.15117    
   13.62855       16.76430       20.87576       26.32257       33.59688    
   43.30350       56.06812       72.18587       91.00169       110.4270    
   127.6589       140.8390       149.7399       154.5261       154.2652    
   147.4511       133.8384       115.3477       95.21904       76.33302    
   60.24522       47.30932       37.22621       29.47715       23.54235    
   18.98488       15.46377    
   13.24764       16.26274       20.21030       25.43662       32.41251    
   41.72840       53.98132       69.41315       87.19573       104.9086    
   119.3808       128.7407       133.3224       134.2913       131.7373    
   124.7746       113.1248       98.04195       81.79077       66.45767    
   53.22090       42.39880       33.81161       27.09729       21.87092    
   17.79649       14.60910    
   12.69437       15.51620       19.18645       24.01318       30.40213    
   38.84919       49.82402       63.43212       78.79662       93.64812    
   105.1352       111.6243       113.5599       112.3319       108.5894    
   102.0490       92.56503       80.87743       68.39793       56.50060    
   46.03307       37.28195       30.18427       24.52155       20.02415    
   16.46616       13.63563    
   11.99852       14.56820       17.87180       22.15773       27.73488    
   34.95623       44.10394       55.11554       67.18320       78.54537    
   87.10378       91.66442       92.50959       90.70775       86.97619    
   81.41409       74.05482       65.34518       56.10918       47.19280    
   39.16764       32.29106       26.57319       21.90123       18.11700    
   15.06285       12.59776    
   11.19265       13.47146       16.35936       20.03028       24.69455    
   30.55984       37.73778       46.06737       54.88589       63.00188    
   69.08727       72.36549       72.93551       71.42905       68.38621    
   64.04865       58.56112       52.23100       45.54012       38.98958    
   32.96609       27.66766       23.14691       19.36474       16.23241    
   13.65711       11.54044    
   10.32706       12.30303       14.75971       17.81201       21.58284    
   26.16680       31.57720       37.61689       43.80797       49.40689    
   53.63240       56.01372       56.54128       55.52870       53.31782    
   50.13554       46.16338       41.62950       36.82262       32.05917    
   27.58100       23.54610       20.01849       16.99270       14.43425    
   12.28664       10.48985    
   9.430985       11.11505       13.16411       15.64524       18.62188    
   22.12565       26.11073       30.41169       34.70031       38.52724    
   41.44753       43.17766       43.67159       43.06335       41.55051    
   39.30546       36.48279       33.25081       29.80741       26.34537    
   23.02993       19.97304       17.23678       14.83766       12.76635    
   10.99104       9.483951    
   8.551859       9.964198       11.64494       13.63346       15.95038    
   18.59628       21.50703       24.56080       27.53672       30.17062    
   32.20264       33.46159       33.89392       33.55351       32.54652    
   30.98966       28.99962       26.70162       24.22527       21.70131    
   19.24146       16.92866       14.81628       12.92334       11.25467    
   9.798889       8.540865    
   7.709970       8.880690       10.24804       11.82507       13.61825    
   15.60769       17.74187       19.92053       22.01348       23.84906    
   25.27874       26.19437       26.55316       26.37426       25.71076    
   24.63774       23.23584       21.59423       19.80523       17.95314    
   16.12073       14.36441       12.73418       11.23935       9.896064    
   8.707981       7.661052    
   6.920784       7.888195       8.992580       10.24073       11.62632    
   13.12797       14.69860       16.27287       17.76289       19.06525    
   20.08462       20.75499       21.04516       20.95629       20.51951    
   19.77380       18.78246       17.60374       16.30026       14.93381    
   13.55922       12.22092       10.95200       9.775983       8.701464    
   7.728498       6.864262    
   6.199515       6.992958       7.881380       8.868999       9.940311    
   11.07873       12.24813       13.40417       14.48403       15.41879    
   16.15837       16.65712       16.88499       16.84505       16.55132    
   16.03342       15.32467       14.47182       13.51198       12.49295    
   11.45737       10.43116       9.441242       8.509763       7.648020    
   6.856983       6.140468    
   5.540333       6.192657       6.913040       7.692447       8.529004    
   9.398140       10.27959       11.13716       11.92817       12.61448    
   13.15718       13.52934       13.70946       13.69643       13.49895    
   13.13133       12.62056       11.99481       11.28287       10.52014    
   9.724977       8.935619       8.165606       7.424657       6.730488    
   6.081063       5.493486    
