Fortran/gravity_magnetic/Console2/output_mag.grd
DSAA
          27          27
  -26.00000       26.00000    
  -26.00000       26.00000    
  -57.00000       1061.000    
  -13.00000      -15.00000      -13.00000      -16.00000      -18.00000    
  -18.00000      -21.00000      -18.00000      -20.00000      -23.00000    
  -21.00000      -22.00000      -22.00000      -24.00000      -20.00000    
  -23.00000      -24.00000      -23.00000      -23.00000      -25.00000    
  -25.00000      -22.00000      -22.00000      -19.00000      -18.00000    
  -19.00000      -18.00000    
  -14.00000      -14.00000      -16.00000      -18.00000      -21.00000    
  -21.00000      -20.00000      -19.00000      -24.00000      -19.00000    
  -24.00000      -20.00000      -21.00000      -21.00000      -21.00000    
  -23.00000      -25.00000      -26.00000      -26.00000      -27.00000    
  -25.00000      -25.00000      -23.00000      -23.00000      -22.00000    
  -20.00000      -18.00000    
  -17.00000      -18.00000      -23.00000      -18.00000      -19.00000    
  -21.00000      -22.00000      -23.00000      -18.00000      -22.00000    
  -17.00000      -19.00000      -15.00000      -17.00000      -17.00000    
  -17.00000      -21.00000      -23.00000      -28.00000      -28.00000    
  -27.00000      -27.00000      -29.00000      -26.00000      -25.00000    
  -23.00000      -21.00000    
  -19.00000      -19.00000      -19.00000      -21.00000      -21.00000    
  -20.00000      -19.00000      -21.00000      -17.00000      -16.00000    
  -14.00000      -13.00000      -6.000000      -4.000000      -6.000000    
  -6.000000      -13.00000      -17.00000      -25.00000      -30.00000    
  -29.00000      -30.00000      -31.00000      -28.00000      -28.00000    
  -25.00000      -24.00000    
  -17.00000      -15.00000      -20.00000      -20.00000      -24.00000    
  -19.00000      -21.00000      -20.00000      -17.00000      -8.000000    
   5.000000       11.00000       15.00000       21.00000       23.00000    
   16.00000       9.000000      -5.000000      -16.00000      -25.00000    
  -29.00000      -32.00000      -33.00000      -32.00000      -31.00000    
  -26.00000      -23.00000    
  -17.00000      -21.00000      -20.00000      -21.00000      -21.00000    
  -19.00000      -18.00000      -15.00000      -2.000000       10.00000    
   30.00000       49.00000       62.00000       74.00000       74.00000    
   64.00000       48.00000       24.00000       8.000000      -13.00000    
  -28.00000      -33.00000      -36.00000      -34.00000      -33.00000    
  -32.00000      -24.00000    
  -22.00000      -21.00000      -22.00000      -21.00000      -23.00000    
  -17.00000      -13.00000      -3.000000       14.00000       40.00000    
   74.00000       111.0000       144.0000       163.0000       168.0000    
   155.0000       122.0000       81.00000       38.00000       7.000000    
  -19.00000      -28.00000      -35.00000      -36.00000      -37.00000    
  -35.00000      -29.00000    
  -21.00000      -22.00000      -26.00000      -23.00000      -22.00000    
  -19.00000      -9.000000       7.000000       37.00000       83.00000    
   147.0000       214.0000       278.0000       317.0000       328.0000    
   304.0000       247.0000       170.0000       96.00000       37.00000    
  -4.000000      -26.00000      -35.00000      -39.00000      -39.00000    
  -38.00000      -35.00000    
  -20.00000      -26.00000      -22.00000      -25.00000      -20.00000    
  -17.00000      -5.000000       26.00000       67.00000       137.0000    
   240.0000       359.0000       464.0000       535.0000       554.0000    
   512.0000       420.0000       296.0000       174.0000       76.00000    
   14.00000      -17.00000      -39.00000      -44.00000      -45.00000    
  -38.00000      -33.00000    
  -21.00000      -21.00000      -26.00000      -24.00000      -17.00000    
  -9.000000       3.000000       40.00000       95.00000       196.0000    
   335.0000       509.0000       670.0000       778.0000       807.0000    
   749.0000       619.0000       437.0000       258.0000       119.0000    
   33.00000      -17.00000      -38.00000      -46.00000      -43.00000    
  -42.00000      -39.00000    
  -20.00000      -20.00000      -23.00000      -20.00000      -18.00000    
  -7.000000       15.00000       54.00000       125.0000       237.0000    
   410.0000       618.0000       817.0000       951.0000       991.0000    
   930.0000       769.0000       546.0000       321.0000       149.0000    
   43.00000      -12.00000      -34.00000      -46.00000      -47.00000    
  -47.00000      -41.00000    
  -22.00000      -22.00000      -24.00000      -18.00000      -13.00000    
  0.0000000E+00   26.00000       71.00000       147.0000       265.0000    
   440.0000       652.0000       857.0000       1005.000       1061.000    
   1001.000       832.0000       590.0000       346.0000       165.0000    
   47.00000      -8.000000      -38.00000      -49.00000      -49.00000    
  -47.00000      -43.00000    
  -21.00000      -24.00000      -20.00000      -19.00000      -10.00000    
   6.000000       36.00000       91.00000       171.0000       293.0000    
   450.0000       641.0000       829.0000       984.0000       1052.000    
   998.0000       828.0000       584.0000       349.0000       162.0000    
   48.00000      -14.00000      -42.00000      -51.00000      -52.00000    
  -49.00000      -46.00000    
  -21.00000      -22.00000      -22.00000      -20.00000      -7.000000    
   16.00000       59.00000       126.0000       217.0000       342.0000    
   480.0000       637.0000       801.0000       944.0000       1023.000    
   977.0000       810.0000       568.0000       328.0000       150.0000    
   40.00000      -18.00000      -42.00000      -51.00000      -51.00000    
  -47.00000      -45.00000    
  -21.00000      -22.00000      -21.00000      -17.00000      0.0000000E+00
   29.00000       83.00000       170.0000       288.0000       420.0000    
   546.0000       660.0000       777.0000       892.0000       958.0000    
   918.0000       755.0000       519.0000       294.0000       128.0000    
   28.00000      -23.00000      -49.00000      -56.00000      -54.00000    
  -51.00000      -45.00000    
  -19.00000      -23.00000      -23.00000      -16.00000      0.0000000E+00
   37.00000       96.00000       204.0000       345.0000       497.0000    
   608.0000       678.0000       728.0000       783.0000       815.0000    
   769.0000       624.0000       424.0000       238.0000       97.00000    
   14.00000      -33.00000      -50.00000      -56.00000      -54.00000    
  -50.00000      -42.00000    
  -24.00000      -27.00000      -22.00000      -16.00000       2.000000    
   35.00000       97.00000       206.0000       348.0000       498.0000    
   592.0000       617.0000       608.0000       603.0000       598.0000    
   547.0000       439.0000       294.0000       155.0000       52.00000    
  -10.00000      -38.00000      -51.00000      -52.00000      -52.00000    
  -44.00000      -41.00000    
  -25.00000      -23.00000      -24.00000      -18.00000      -7.000000    
   23.00000       77.00000       165.0000       286.0000       401.0000    
   465.0000       467.0000       434.0000       398.0000       364.0000    
   318.0000       249.0000       158.0000       72.00000       7.000000    
  -29.00000      -50.00000      -53.00000      -53.00000      -53.00000    
  -44.00000      -43.00000    
  -24.00000      -24.00000      -27.00000      -24.00000      -15.00000    
   8.000000       44.00000       104.0000       176.0000       250.0000    
   284.0000       282.0000       249.0000       214.0000       182.0000    
   145.0000       108.0000       55.00000       8.000000      -26.00000    
  -44.00000      -49.00000      -53.00000      -52.00000      -48.00000    
  -43.00000      -37.00000    
  -22.00000      -24.00000      -26.00000      -25.00000      -22.00000    
  -8.000000       12.00000       44.00000       82.00000       116.0000    
   135.0000       128.0000       106.0000       80.00000       60.00000    
   39.00000       16.00000      -8.000000      -30.00000      -43.00000    
  -51.00000      -54.00000      -52.00000      -50.00000      -44.00000    
  -41.00000      -36.00000    
  -21.00000      -25.00000      -28.00000      -28.00000      -23.00000    
  -23.00000      -10.00000       2.000000       19.00000       30.00000    
   38.00000       32.00000       19.00000       2.000000      -9.000000    
  -19.00000      -30.00000      -42.00000      -47.00000      -53.00000    
  -52.00000      -53.00000      -49.00000      -44.00000      -41.00000    
  -34.00000      -32.00000    
  -21.00000      -27.00000      -28.00000      -30.00000      -30.00000    
  -27.00000      -28.00000      -23.00000      -16.00000      -16.00000    
  -14.00000      -19.00000      -23.00000      -33.00000      -38.00000    
  -43.00000      -49.00000      -53.00000      -57.00000      -53.00000    
  -54.00000      -47.00000      -46.00000      -39.00000      -37.00000    
  -33.00000      -30.00000    
  -23.00000      -25.00000      -26.00000      -28.00000      -33.00000    
  -30.00000      -37.00000      -33.00000      -37.00000      -34.00000    
  -40.00000      -40.00000      -44.00000      -51.00000      -53.00000    
  -54.00000      -53.00000      -55.00000      -55.00000      -51.00000    
  -48.00000      -43.00000      -41.00000      -37.00000      -37.00000    
  -28.00000      -27.00000    
  -22.00000      -24.00000      -27.00000      -29.00000      -32.00000    
  -35.00000      -36.00000      -38.00000      -41.00000      -42.00000    
  -45.00000      -50.00000      -51.00000      -53.00000      -53.00000    
  -54.00000      -54.00000      -52.00000      -50.00000      -44.00000    
  -44.00000      -42.00000      -37.00000      -36.00000      -33.00000    
  -28.00000      -24.00000    
  -20.00000      -21.00000      -26.00000      -29.00000      -29.00000    
  -35.00000      -35.00000      -38.00000      -39.00000      -42.00000    
  -46.00000      -49.00000      -50.00000      -55.00000      -50.00000    
  -49.00000      -47.00000      -48.00000      -45.00000      -42.00000    
  -39.00000      -37.00000      -33.00000      -35.00000      -28.00000    
  -26.00000      -22.00000    
  -19.00000      -24.00000      -24.00000      -25.00000      -29.00000    
  -32.00000      -35.00000      -37.00000      -38.00000      -44.00000    
  -42.00000      -44.00000      -43.00000      -46.00000      -48.00000    
  -46.00000      -45.00000      -41.00000      -40.00000      -37.00000    
  -34.00000      -31.00000      -30.00000      -27.00000      -25.00000    
  -21.00000      -19.00000    
  -19.00000      -20.00000      -22.00000      -26.00000      -25.00000    
  -24.00000      -31.00000      -34.00000      -38.00000      -36.00000    
  -36.00000      -40.00000      -40.00000      -42.00000      -40.00000    
  -42.00000      -37.00000      -36.00000      -37.00000      -30.00000    
  -30.00000      -26.00000      -25.00000      -24.00000      -26.00000    
  -22.00000      -16.00000    
