Fortran/gravity_magnetic/Console2/output_rtp.grd
DSAA
          27          27
  -26.00000       26.00000    
  -26.00000       26.00000    
  -41.00000       1053.000    
  -15.00000      -19.00000      -25.00000      -21.00000      -24.00000    
  -23.00000      -29.00000      -29.00000      -31.00000      -30.00000    
  -29.00000      -32.00000      -33.00000      -32.00000      -28.00000    
  -30.00000      -30.00000      -31.00000      -28.00000      -27.00000    
  -26.00000      -24.00000      -24.00000      -22.00000      -19.00000    
  -18.00000      -18.00000    
  -20.00000      -22.00000      -20.00000      -24.00000      -25.00000    
  -28.00000      -30.00000      -31.00000      -34.00000      -33.00000    
  -34.00000      -33.00000      -34.00000      -34.00000      -34.00000    
  -33.00000      -32.00000      -32.00000      -30.00000      -31.00000    
  -30.00000      -29.00000      -24.00000      -22.00000      -22.00000    
  -21.00000      -18.00000    
  -20.00000      -22.00000      -22.00000      -27.00000      -29.00000    
  -31.00000      -33.00000      -34.00000      -35.00000      -33.00000    
  -37.00000      -35.00000      -30.00000      -33.00000      -33.00000    
  -33.00000      -33.00000      -33.00000      -32.00000      -31.00000    
  -33.00000      -33.00000      -28.00000      -24.00000      -28.00000    
  -23.00000      -22.00000    
  -21.00000      -24.00000      -25.00000      -29.00000      -32.00000    
  -33.00000      -35.00000      -38.00000      -38.00000      -36.00000    
  -35.00000      -31.00000      -29.00000      -26.00000      -23.00000    
  -25.00000      -27.00000      -30.00000      -32.00000      -32.00000    
  -33.00000      -33.00000      -31.00000      -29.00000      -24.00000    
  -22.00000      -20.00000    
  -25.00000      -27.00000      -29.00000      -32.00000      -34.00000    
  -35.00000      -35.00000      -36.00000      -38.00000      -31.00000    
  -26.00000      -21.00000      -20.00000      -10.00000      -5.000000    
  -8.000000      -15.00000      -18.00000      -26.00000      -29.00000    
  -34.00000      -31.00000      -29.00000      -32.00000      -28.00000    
  -26.00000      -23.00000    
  -23.00000      -28.00000      -30.00000      -30.00000      -35.00000    
  -35.00000      -38.00000      -36.00000      -32.00000      -21.00000    
  -10.00000       6.000000       19.00000       30.00000       34.00000    
   31.00000       23.00000       6.000000      -9.000000      -20.00000    
  -28.00000      -34.00000      -34.00000      -33.00000      -31.00000    
  -29.00000      -24.00000    
  -23.00000      -29.00000      -31.00000      -34.00000      -37.00000    
  -39.00000      -38.00000      -33.00000      -19.00000      -1.000000    
   27.00000       55.00000       87.00000       108.0000       115.0000    
   113.0000       92.00000       60.00000       27.00000      -1.000000    
  -17.00000      -28.00000      -31.00000      -34.00000      -34.00000    
  -32.00000      -29.00000    
  -26.00000      -29.00000      -32.00000      -36.00000      -40.00000    
  -40.00000      -35.00000      -25.00000      -6.000000       32.00000    
   81.00000       147.0000       206.0000       248.0000       262.0000    
   250.0000       208.0000       153.0000       88.00000       38.00000    
  -1.000000      -20.00000      -31.00000      -35.00000      -36.00000    
  -32.00000      -30.00000    
  -29.00000      -30.00000      -35.00000      -37.00000      -39.00000    
  -36.00000      -29.00000      -14.00000       18.00000       78.00000    
   167.0000       277.0000       381.0000       456.0000       483.0000    
   459.0000       387.0000       283.0000       171.0000       85.00000    
   23.00000      -10.00000      -29.00000      -32.00000      -35.00000    
  -34.00000      -31.00000    
  -29.00000      -33.00000      -37.00000      -37.00000      -38.00000    
  -35.00000      -26.00000      -4.000000       45.00000       128.0000    
   259.0000       423.0000       584.0000       698.0000       741.0000    
   709.0000       602.0000       440.0000       271.0000       137.0000    
   49.00000       1.000000      -22.00000      -31.00000      -36.00000    
  -35.00000      -32.00000    
  -27.00000      -30.00000      -33.00000      -34.00000      -35.00000    
  -30.00000      -16.00000       12.00000       68.00000       172.0000    
   332.0000       538.0000       738.0000       886.0000       949.0000    
   911.0000       775.0000       571.0000       350.0000       179.0000    
   69.00000       7.000000      -21.00000      -34.00000      -39.00000    
  -37.00000      -36.00000    
  -27.00000      -32.00000      -35.00000      -35.00000      -32.00000    
  -25.00000      -8.000000       27.00000       92.00000       199.0000    
   370.0000       581.0000       797.0000       964.0000       1042.000    
   1008.000       861.0000       634.0000       397.0000       205.0000    
   85.00000       17.00000      -18.00000      -33.00000      -41.00000    
  -40.00000      -36.00000    
  -30.00000      -32.00000      -33.00000      -34.00000      -30.00000    
  -21.00000       6.000000       48.00000       119.0000       231.0000    
   387.0000       581.0000       785.0000       959.0000       1053.000    
   1026.000       878.0000       651.0000       406.0000       216.0000    
   88.00000       18.00000      -14.00000      -35.00000      -38.00000    
  -39.00000      -36.00000    
  -31.00000      -31.00000      -36.00000      -35.00000      -30.00000    
  -9.000000       21.00000       79.00000       167.0000       285.0000    
   424.0000       587.0000       764.0000       936.0000       1037.000    
   1025.000       875.0000       645.0000       405.0000       217.0000    
   91.00000       19.00000      -17.00000      -29.00000      -37.00000    
  -36.00000      -36.00000    
  -26.00000      -31.00000      -33.00000      -29.00000      -20.00000    
  0.0000000E+00   45.00000       125.0000       235.0000       367.0000    
   500.0000       630.0000       766.0000       906.0000       1000.000    
   983.0000       838.0000       610.0000       377.0000       196.0000    
   81.00000       16.00000      -21.00000      -35.00000      -37.00000    
  -40.00000      -36.00000    
  -26.00000      -31.00000      -32.00000      -29.00000      -18.00000    
   9.000000       68.00000       163.0000       303.0000       455.0000    
   584.0000       671.0000       745.0000       821.0000       880.0000    
   853.0000       724.0000       523.0000       320.0000       163.0000    
   65.00000       5.000000      -23.00000      -35.00000      -37.00000    
  -39.00000      -38.00000    
  -29.00000      -29.00000      -27.00000      -24.00000      -12.00000    
   15.00000       74.00000       179.0000       327.0000       480.0000    
   593.0000       638.0000       651.0000       665.0000       674.0000    
   639.0000       534.0000       386.0000       233.0000       116.0000    
   38.00000      -5.000000      -27.00000      -36.00000      -36.00000    
  -36.00000      -35.00000    
  -27.00000      -31.00000      -29.00000      -29.00000      -17.00000    
   8.000000       61.00000       150.0000       276.0000       406.0000    
   495.0000       514.0000       494.0000       468.0000       450.0000    
   412.0000       341.0000       244.0000       148.0000       69.00000    
   16.00000      -15.00000      -29.00000      -36.00000      -36.00000    
  -33.00000      -32.00000    
  -22.00000      -28.00000      -27.00000      -29.00000      -20.00000    
  -3.000000       38.00000       103.0000       187.0000       267.0000    
   324.0000       333.0000       311.0000       284.0000       256.0000    
   226.0000       180.0000       125.0000       72.00000       23.00000    
  -3.000000      -25.00000      -32.00000      -40.00000      -38.00000    
  -37.00000      -30.00000    
  -25.00000      -27.00000      -30.00000      -29.00000      -28.00000    
  -11.00000       9.000000       51.00000       99.00000       144.0000    
   169.0000       176.0000       162.0000       144.0000       122.0000    
   101.0000       76.00000       45.00000       19.00000      -4.000000    
  -20.00000      -29.00000      -37.00000      -34.00000      -36.00000    
  -31.00000      -30.00000    
  -26.00000      -27.00000      -29.00000      -30.00000      -29.00000    
  -20.00000      -9.000000       9.000000       34.00000       55.00000    
   70.00000       69.00000       64.00000       51.00000       39.00000    
   26.00000       12.00000       2.000000      -11.00000      -23.00000    
  -31.00000      -35.00000      -33.00000      -36.00000      -33.00000    
  -30.00000      -27.00000    
  -25.00000      -27.00000      -28.00000      -32.00000      -27.00000    
  -27.00000      -23.00000      -14.00000      -4.000000       2.000000    
   10.00000       9.000000       7.000000       2.000000      -6.000000    
  -9.000000      -16.00000      -24.00000      -27.00000      -33.00000    
  -34.00000      -34.00000      -36.00000      -32.00000      -31.00000    
  -27.00000      -24.00000    
  -25.00000      -26.00000      -27.00000      -29.00000      -29.00000    
  -29.00000      -30.00000      -27.00000      -25.00000      -22.00000    
  -21.00000      -20.00000      -21.00000      -24.00000      -23.00000    
  -26.00000      -28.00000      -33.00000      -34.00000      -37.00000    
  -34.00000      -36.00000      -34.00000      -28.00000      -29.00000    
  -25.00000      -24.00000    
  -25.00000      -26.00000      -26.00000      -30.00000      -28.00000    
  -33.00000      -31.00000      -32.00000      -31.00000      -29.00000    
  -30.00000      -33.00000      -31.00000      -33.00000      -36.00000    
  -36.00000      -35.00000      -38.00000      -35.00000      -35.00000    
  -33.00000      -30.00000      -28.00000      -26.00000      -25.00000    
  -23.00000      -18.00000    
  -22.00000      -20.00000      -28.00000      -28.00000      -30.00000    
  -30.00000      -30.00000      -35.00000      -32.00000      -34.00000    
  -33.00000      -36.00000      -37.00000      -35.00000      -35.00000    
  -36.00000      -38.00000      -37.00000      -33.00000      -31.00000    
  -29.00000      -30.00000      -27.00000      -26.00000      -21.00000    
  -23.00000      -19.00000    
  -20.00000      -19.00000      -24.00000      -24.00000      -27.00000    
  -29.00000      -28.00000      -32.00000      -32.00000      -33.00000    
  -36.00000      -34.00000      -36.00000      -36.00000      -34.00000    
  -38.00000      -35.00000      -32.00000      -29.00000      -28.00000    
  -27.00000      -25.00000      -24.00000      -25.00000      -21.00000    
  -19.00000      -18.00000    
  -17.00000      -20.00000      -18.00000      -23.00000      -24.00000    
  -28.00000      -27.00000      -28.00000      -31.00000      -31.00000    
  -31.00000      -31.00000      -31.00000      -36.00000      -32.00000    
  -34.00000      -30.00000      -28.00000      -29.00000      -30.00000    
  -25.00000      -21.00000      -19.00000      -23.00000      -18.00000    
  -17.00000      -16.00000    
